0.00000000
0.00314159
0.00628314
0.00942464
0.01256604
0.01570732
0.01884844
0.02198938
0.02513010
0.02827057
0.03141076
0.03455064
0.03769018
0.04082935
0.04396812
0.04710645
0.05024432
0.05338169
0.05651853
0.05965482
0.06279052
0.06592560
0.06906003
0.07219377
0.07532681
0.07845910
0.08159061
0.08472132
0.08785120
0.09098020
0.09410831
0.09723549
0.10036171
0.10348695
0.10661115
0.10973431
0.11285638
0.11597734
0.11909716
0.12221580
0.12533323
0.12844943
0.13156436
0.13467799
0.13779029
0.14090123
0.14401078
0.14711891
0.15022559
0.15333078
0.15643447
0.15953660
0.16263717
0.16573612
0.16883344
0.17192910
0.17502306
0.17811529
0.18120576
0.18429445
0.18738131
0.19046633
0.19354947
0.19663069
0.19970998
0.20278730
0.20586261
0.20893589
0.21200711
0.21507624
0.21814324
0.22120809
0.22427076
0.22733122
0.23038943
0.23344536
0.23649900
0.23955030
0.24259923
0.24564577
0.24868989
0.25173155
0.25477073
0.25780739
0.26084151
0.26387305
0.26690199
0.26992829
0.27295194
0.27597288
0.27899111
0.28200658
0.28501926
0.28802914
0.29103617
0.29404033
0.29704158
0.30003991
0.30303527
0.30602764
0.30901699
0.31200330
0.31498652
0.31796663
0.32094361
0.32391742
0.32688803
0.32985541
0.33281954
0.33578039
0.33873792
0.34169211
0.34464292
0.34759034
0.35053432
0.35347484
0.35641188
0.35934540
0.36227537
0.36520176
0.36812455
0.37104371
0.37395921
0.37687101
0.37977910
0.38268343
0.38558399
0.38848075
0.39137367
0.39426272
0.39714789
0.40002914
0.40290644
0.40577976
0.40864907
0.41151436
0.41437558
0.41723271
0.42008573
0.42293460
0.42577929
0.42861978
0.43145605
0.43428805
0.43711577
0.43993917
0.44275823
0.44557292
0.44838322
0.45118908
0.45399050
0.45678743
0.45957986
0.46236775
0.46515108
0.46792981
0.47070393
0.47347340
0.47623820
0.47899830
0.48175367
0.48450429
0.48725013
0.48999115
0.49272734
0.49545867
0.49818511
0.50090663
0.50362320
0.50633481
0.50904142
0.51174300
0.51443953
0.51713099
0.51981734
0.52249856
0.52517463
0.52784551
0.53051118
0.53317162
0.53582679
0.53847668
0.54112125
0.54376048
0.54639435
0.54902282
0.55164587
0.55426348
0.55687562
0.55948226
0.56208338
0.56467895
0.56726895
0.56985335
0.57243213
0.57500525
0.57757270
0.58013445
0.58269048
0.58524075
0.58778525
0.59032395
0.59285682
0.59538384
0.59790498
0.60042023
0.60292954
0.60543291
0.60793030
0.61042169
0.61290705
0.61538637
0.61785961
0.62032676
0.62278778
0.62524266
0.62769136
0.63013387
0.63257016
0.63500021
0.63742399
0.63984148
0.64225265
0.64465749
0.64705596
0.64944805
0.65183373
0.65421297
0.65658576
0.65895206
0.66131187
0.66366514
0.66601187
0.66835202
0.67068558
0.67301251
0.67533281
0.67764644
0.67995338
0.68225361
0.68454711
0.68683385
0.68911381
0.69138697
0.69365331
0.69591280
0.69816542
0.70041115
0.70264997
0.70488185
0.70710678
0.70932473
0.71153568
0.71373960
0.71593648
0.71812630
0.72030902
0.72248464
0.72465313
0.72681447
0.72896863
0.73111559
0.73325535
0.73538786
0.73751312
0.73963109
0.74174177
0.74384513
0.74594115
0.74802980
0.75011107
0.75218494
0.75425138
0.75631038
0.75836192
0.76040597
0.76244251
0.76447153
0.76649301
0.76850692
0.77051324
0.77251196
0.77450306
0.77648651
0.77846230
0.78043041
0.78239081
0.78434349
0.78628843
0.78822561
0.79015501
0.79207661
0.79399040
0.79589635
0.79779444
0.79968466
0.80156698
0.80344140
0.80530789
0.80716642
0.80901699
0.81085958
0.81269416
0.81452073
0.81633925
0.81814972
0.81995211
0.82174641
0.82353260
0.82531066
0.82708057
0.82884233
0.83059590
0.83234127
0.83407843
0.83580736
0.83752804
0.83924045
0.84094458
0.84264041
0.84432793
0.84600711
0.84767794
0.84934040
0.85099448
0.85264016
0.85427743
0.85590627
0.85752666
0.85913858
0.86074203
0.86233698
0.86392342
0.86550133
0.86707070
0.86863151
0.87018375
0.87172741
0.87326245
0.87478888
0.87630668
0.87781583
0.87931631
0.88080811
0.88229123
0.88376563
0.88523131
0.88668826
0.88813645
0.88957588
0.89100652
0.89242838
0.89384142
0.89524565
0.89664104
0.89802758
0.89940525
0.90077405
0.90213396
0.90348496
0.90482705
0.90616021
0.90748442
0.90879968
0.91010597
0.91140328
0.91269159
0.91397089
0.91524117
0.91650242
0.91775463
0.91899777
0.92023185
0.92145684
0.92267274
0.92387953
0.92507721
0.92626575
0.92744515
0.92861540
0.92977649
0.93092839
0.93207111
0.93320463
0.93432894
0.93544403
0.93654989
0.93764650
0.93873386
0.93981195
0.94088077
0.94194030
0.94299054
0.94403146
0.94506308
0.94608536
0.94709830
0.94810190
0.94909614
0.95008102
0.95105652
0.95202263
0.95297934
0.95392665
0.95486454
0.95579301
0.95671205
0.95762165
0.95852179
0.95941247
0.96029369
0.96116542
0.96202767
0.96288043
0.96372368
0.96455742
0.96538164
0.96619633
0.96700149
0.96779710
0.96858316
0.96935966
0.97012660
0.97088396
0.97163173
0.97236992
0.97309851
0.97381750
0.97452687
0.97522663
0.97591676
0.97659726
0.97726812
0.97792934
0.97858090
0.97922281
0.97985505
0.98047762
0.98109052
0.98169373
0.98228725
0.98287108
0.98344520
0.98400963
0.98456433
0.98510933
0.98564460
0.98617014
0.98668594
0.98719201
0.98768834
0.98817492
0.98865174
0.98911881
0.98957612
0.99002366
0.99046143
0.99088942
0.99130763
0.99171606
0.99211470
0.99250355
0.99288260
0.99325186
0.99361131
0.99396096
0.99430079
0.99463081
0.99495102
0.99526140
0.99556196
0.99585270
0.99613361
0.99640469
0.99666593
0.99691733
0.99715890
0.99739063
0.99761251
0.99782454
0.99802673
0.99821907
0.99840155
0.99857418
0.99873696
0.99888987
0.99903293
0.99916613
0.99928947
0.99940295
0.99950656
0.99960031
0.99968419
0.99975820
0.99982235
0.99987663
0.99992104
0.99995559
0.99998026
0.99999507
1.00000000
0.99999507
0.99998026
0.99995559
0.99992104
0.99987663
0.99982235
0.99975820
0.99968419
0.99960031
0.99950656
0.99940295
0.99928947
0.99916613
0.99903293
0.99888987
0.99873696
0.99857418
0.99840155
0.99821907
0.99802673
0.99782454
0.99761251
0.99739063
0.99715890
0.99691733
0.99666593
0.99640469
0.99613361
0.99585270
0.99556196
0.99526140
0.99495102
0.99463081
0.99430079
0.99396096
0.99361131
0.99325186
0.99288260
0.99250355
0.99211470
0.99171606
0.99130763
0.99088942
0.99046143
0.99002366
0.98957612
0.98911881
0.98865174
0.98817492
0.98768834
0.98719201
0.98668594
0.98617014
0.98564460
0.98510933
0.98456433
0.98400963
0.98344520
0.98287108
0.98228725
0.98169373
0.98109052
0.98047762
0.97985505
0.97922281
0.97858090
0.97792934
0.97726812
0.97659726
0.97591676
0.97522663
0.97452687
0.97381750
0.97309851
0.97236992
0.97163173
0.97088396
0.97012660
0.96935966
0.96858316
0.96779710
0.96700149
0.96619633
0.96538164
0.96455742
0.96372368
0.96288043
0.96202767
0.96116542
0.96029369
0.95941247
0.95852179
0.95762165
0.95671205
0.95579301
0.95486454
0.95392665
0.95297934
0.95202263
0.95105652
0.95008102
0.94909614
0.94810190
0.94709830
0.94608536
0.94506308
0.94403146
0.94299054
0.94194030
0.94088077
0.93981195
0.93873386
0.93764650
0.93654989
0.93544403
0.93432894
0.93320463
0.93207111
0.93092839
0.92977649
0.92861540
0.92744515
0.92626575
0.92507721
0.92387953
0.92267274
0.92145684
0.92023185
0.91899777
0.91775463
0.91650242
0.91524117
0.91397089
0.91269159
0.91140328
0.91010597
0.90879968
0.90748442
0.90616021
0.90482705
0.90348496
0.90213396
0.90077405
0.89940525
0.89802758
0.89664104
0.89524565
0.89384142
0.89242838
0.89100652
0.88957588
0.88813645
0.88668826
0.88523131
0.88376563
0.88229123
0.88080811
0.87931631
0.87781583
0.87630668
0.87478888
0.87326245
0.87172741
0.87018375
0.86863151
0.86707070
0.86550133
0.86392342
0.86233698
0.86074203
0.85913858
0.85752666
0.85590627
0.85427743
0.85264016
0.85099448
0.84934040
0.84767794
0.84600711
0.84432793
0.84264041
0.84094458
0.83924045
0.83752804
0.83580736
0.83407843
0.83234127
0.83059590
0.82884233
0.82708057
0.82531066
0.82353260
0.82174641
0.81995211
0.81814972
0.81633925
0.81452073
0.81269416
0.81085958
0.80901699
0.80716642
0.80530789
0.80344140
0.80156698
0.79968466
0.79779444
0.79589635
0.79399040
0.79207661
0.79015501
0.78822561
0.78628843
0.78434349
0.78239081
0.78043041
0.77846230
0.77648651
0.77450306
0.77251196
0.77051324
0.76850692
0.76649301
0.76447153
0.76244251
0.76040597
0.75836192
0.75631038
0.75425138
0.75218494
0.75011107
0.74802980
0.74594115
0.74384513
0.74174177
0.73963109
0.73751312
0.73538786
0.73325535
0.73111559
0.72896863
0.72681447
0.72465313
0.72248464
0.72030902
0.71812630
0.71593648
0.71373960
0.71153568
0.70932473
0.70710678
0.70488185
0.70264997
0.70041115
0.69816542
0.69591280
0.69365331
0.69138697
0.68911381
0.68683385
0.68454711
0.68225361
0.67995338
0.67764644
0.67533281
0.67301251
0.67068558
0.66835202
0.66601187
0.66366514
0.66131187
0.65895206
0.65658576
0.65421297
0.65183373
0.64944805
0.64705596
0.64465749
0.64225265
0.63984148
0.63742399
0.63500021
0.63257016
0.63013387
0.62769136
0.62524266
0.62278778
0.62032676
0.61785961
0.61538637
0.61290705
0.61042169
0.60793030
0.60543291
0.60292954
0.60042023
0.59790498
0.59538384
0.59285682
0.59032395
0.58778525
0.58524075
0.58269048
0.58013445
0.57757270
0.57500525
0.57243213
0.56985335
0.56726895
0.56467895
0.56208338
0.55948226
0.55687562
0.55426348
0.55164587
0.54902282
0.54639435
0.54376048
0.54112125
0.53847668
0.53582679
0.53317162
0.53051118
0.52784551
0.52517463
0.52249856
0.51981734
0.51713099
0.51443953
0.51174300
0.50904142
0.50633481
0.50362320
0.50090663
0.49818511
0.49545867
0.49272734
0.48999115
0.48725013
0.48450429
0.48175367
0.47899830
0.47623820
0.47347340
0.47070393
0.46792981
0.46515108
0.46236775
0.45957986
0.45678743
0.45399050
0.45118908
0.44838322
0.44557292
0.44275823
0.43993917
0.43711577
0.43428805
0.43145605
0.42861978
0.42577929
0.42293460
0.42008573
0.41723271
0.41437558
0.41151436
0.40864907
0.40577976
0.40290644
0.40002914
0.39714789
0.39426272
0.39137367
0.38848075
0.38558399
0.38268343
0.37977910
0.37687101
0.37395921
0.37104371
0.36812455
0.36520176
0.36227537
0.35934540
0.35641188
0.35347484
0.35053432
0.34759034
0.34464292
0.34169211
0.33873792
0.33578039
0.33281954
0.32985541
0.32688803
0.32391742
0.32094361
0.31796663
0.31498652
0.31200330
0.30901699
0.30602764
0.30303527
0.30003991
0.29704158
0.29404033
0.29103617
0.28802914
0.28501926
0.28200658
0.27899111
0.27597288
0.27295194
0.26992829
0.26690199
0.26387305
0.26084151
0.25780739
0.25477073
0.25173155
0.24868989
0.24564577
0.24259923
0.23955030
0.23649900
0.23344536
0.23038943
0.22733122
0.22427076
0.22120809
0.21814324
0.21507624
0.21200711
0.20893589
0.20586261
0.20278730
0.19970998
0.19663069
0.19354947
0.19046633
0.18738131
0.18429445
0.18120576
0.17811529
0.17502306
0.17192910
0.16883344
0.16573612
0.16263717
0.15953660
0.15643447
0.15333078
0.15022559
0.14711891
0.14401078
0.14090123
0.13779029
0.13467799
0.13156436
0.12844943
0.12533323
0.12221580
0.11909716
0.11597734
0.11285638
0.10973431
0.10661115
0.10348695
0.10036171
0.09723549
0.09410831
0.09098020
0.08785120
0.08472132
0.08159061
0.07845910
0.07532681
0.07219377
0.06906003
0.06592560
0.06279052
0.05965482
0.05651853
0.05338169
0.05024432
0.04710645
0.04396812
0.04082935
0.03769018
0.03455064
0.03141076
0.02827057
0.02513010
0.02198938
0.01884844
0.01570732
0.01256604
0.00942464
0.00628314
0.00314159
0.00000000
-0.00314159
-0.00628314
-0.00942464
-0.01256604
-0.01570732
-0.01884844
-0.02198938
-0.02513010
-0.02827057
-0.03141076
-0.03455064
-0.03769018
-0.04082935
-0.04396812
-0.04710645
-0.05024432
-0.05338169
-0.05651853
-0.05965482
-0.06279052
-0.06592560
-0.06906003
-0.07219377
-0.07532681
-0.07845910
-0.08159061
-0.08472132
-0.08785120
-0.09098020
-0.09410831
-0.09723549
-0.10036171
-0.10348695
-0.10661115
-0.10973431
-0.11285638
-0.11597734
-0.11909716
-0.12221580
-0.12533323
-0.12844943
-0.13156436
-0.13467799
-0.13779029
-0.14090123
-0.14401078
-0.14711891
-0.15022559
-0.15333078
-0.15643447
-0.15953660
-0.16263717
-0.16573612
-0.16883344
-0.17192910
-0.17502306
-0.17811529
-0.18120576
-0.18429445
-0.18738131
-0.19046633
-0.19354947
-0.19663069
-0.19970998
-0.20278730
-0.20586261
-0.20893589
-0.21200711
-0.21507624
-0.21814324
-0.22120809
-0.22427076
-0.22733122
-0.23038943
-0.23344536
-0.23649900
-0.23955030
-0.24259923
-0.24564577
-0.24868989
-0.25173155
-0.25477073
-0.25780739
-0.26084151
-0.26387305
-0.26690199
-0.26992829
-0.27295194
-0.27597288
-0.27899111
-0.28200658
-0.28501926
-0.28802914
-0.29103617
-0.29404033
-0.29704158
-0.30003991
-0.30303527
-0.30602764
-0.30901699
-0.31200330
-0.31498652
-0.31796663
-0.32094361
-0.32391742
-0.32688803
-0.32985541
-0.33281954
-0.33578039
-0.33873792
-0.34169211
-0.34464292
-0.34759034
-0.35053432
-0.35347484
-0.35641188
-0.35934540
-0.36227537
-0.36520176
-0.36812455
-0.37104371
-0.37395921
-0.37687101
-0.37977910
-0.38268343
-0.38558399
-0.38848075
-0.39137367
-0.39426272
-0.39714789
-0.40002914
-0.40290644
-0.40577976
-0.40864907
-0.41151436
-0.41437558
-0.41723271
-0.42008573
-0.42293460
-0.42577929
-0.42861978
-0.43145605
-0.43428805
-0.43711577
-0.43993917
-0.44275823
-0.44557292
-0.44838322
-0.45118908
-0.45399050
-0.45678743
-0.45957986
-0.46236775
-0.46515108
-0.46792981
-0.47070393
-0.47347340
-0.47623820
-0.47899830
-0.48175367
-0.48450429
-0.48725013
-0.48999115
-0.49272734
-0.49545867
-0.49818511
-0.50090663
-0.50362320
-0.50633481
-0.50904142
-0.51174300
-0.51443953
-0.51713099
-0.51981734
-0.52249856
-0.52517463
-0.52784551
-0.53051118
-0.53317162
-0.53582679
-0.53847668
-0.54112125
-0.54376048
-0.54639435
-0.54902282
-0.55164587
-0.55426348
-0.55687562
-0.55948226
-0.56208338
-0.56467895
-0.56726895
-0.56985335
-0.57243213
-0.57500525
-0.57757270
-0.58013445
-0.58269048
-0.58524075
-0.58778525
-0.59032395
-0.59285682
-0.59538384
-0.59790498
-0.60042023
-0.60292954
-0.60543291
-0.60793030
-0.61042169
-0.61290705
-0.61538637
-0.61785961
-0.62032676
-0.62278778
-0.62524266
-0.62769136
-0.63013387
-0.63257016
-0.63500021
-0.63742399
-0.63984148
-0.64225265
-0.64465749
-0.64705596
-0.64944805
-0.65183373
-0.65421297
-0.65658576
-0.65895206
-0.66131187
-0.66366514
-0.66601187
-0.66835202
-0.67068558
-0.67301251
-0.67533281
-0.67764644
-0.67995338
-0.68225361
-0.68454711
-0.68683385
-0.68911381
-0.69138697
-0.69365331
-0.69591280
-0.69816542
-0.70041115
-0.70264997
-0.70488185
-0.70710678
-0.70932473
-0.71153568
-0.71373960
-0.71593648
-0.71812630
-0.72030902
-0.72248464
-0.72465313
-0.72681447
-0.72896863
-0.73111559
-0.73325535
-0.73538786
-0.73751312
-0.73963109
-0.74174177
-0.74384513
-0.74594115
-0.74802980
-0.75011107
-0.75218494
-0.75425138
-0.75631038
-0.75836192
-0.76040597
-0.76244251
-0.76447153
-0.76649301
-0.76850692
-0.77051324
-0.77251196
-0.77450306
-0.77648651
-0.77846230
-0.78043041
-0.78239081
-0.78434349
-0.78628843
-0.78822561
-0.79015501
-0.79207661
-0.79399040
-0.79589635
-0.79779444
-0.79968466
-0.80156698
-0.80344140
-0.80530789
-0.80716642
-0.80901699
-0.81085958
-0.81269416
-0.81452073
-0.81633925
-0.81814972
-0.81995211
-0.82174641
-0.82353260
-0.82531066
-0.82708057
-0.82884233
-0.83059590
-0.83234127
-0.83407843
-0.83580736
-0.83752804
-0.83924045
-0.84094458
-0.84264041
-0.84432793
-0.84600711
-0.84767794
-0.84934040
-0.85099448
-0.85264016
-0.85427743
-0.85590627
-0.85752666
-0.85913858
-0.86074203
-0.86233698
-0.86392342
-0.86550133
-0.86707070
-0.86863151
-0.87018375
-0.87172741
-0.87326245
-0.87478888
-0.87630668
-0.87781583
-0.87931631
-0.88080811
-0.88229123
-0.88376563
-0.88523131
-0.88668826
-0.88813645
-0.88957588
-0.89100652
-0.89242838
-0.89384142
-0.89524565
-0.89664104
-0.89802758
-0.89940525
-0.90077405
-0.90213396
-0.90348496
-0.90482705
-0.90616021
-0.90748442
-0.90879968
-0.91010597
-0.91140328
-0.91269159
-0.91397089
-0.91524117
-0.91650242
-0.91775463
-0.91899777
-0.92023185
-0.92145684
-0.92267274
-0.92387953
-0.92507721
-0.92626575
-0.92744515
-0.92861540
-0.92977649
-0.93092839
-0.93207111
-0.93320463
-0.93432894
-0.93544403
-0.93654989
-0.93764650
-0.93873386
-0.93981195
-0.94088077
-0.94194030
-0.94299054
-0.94403146
-0.94506308
-0.94608536
-0.94709830
-0.94810190
-0.94909614
-0.95008102
-0.95105652
-0.95202263
-0.95297934
-0.95392665
-0.95486454
-0.95579301
-0.95671205
-0.95762165
-0.95852179
-0.95941247
-0.96029369
-0.96116542
-0.96202767
-0.96288043
-0.96372368
-0.96455742
-0.96538164
-0.96619633
-0.96700149
-0.96779710
-0.96858316
-0.96935966
-0.97012660
-0.97088396
-0.97163173
-0.97236992
-0.97309851
-0.97381750
-0.97452687
-0.97522663
-0.97591676
-0.97659726
-0.97726812
-0.97792934
-0.97858090
-0.97922281
-0.97985505
-0.98047762
-0.98109052
-0.98169373
-0.98228725
-0.98287108
-0.98344520
-0.98400963
-0.98456433
-0.98510933
-0.98564460
-0.98617014
-0.98668594
-0.98719201
-0.98768834
-0.98817492
-0.98865174
-0.98911881
-0.98957612
-0.99002366
-0.99046143
-0.99088942
-0.99130763
-0.99171606
-0.99211470
-0.99250355
-0.99288260
-0.99325186
-0.99361131
-0.99396096
-0.99430079
-0.99463081
-0.99495102
-0.99526140
-0.99556196
-0.99585270
-0.99613361
-0.99640469
-0.99666593
-0.99691733
-0.99715890
-0.99739063
-0.99761251
-0.99782454
-0.99802673
-0.99821907
-0.99840155
-0.99857418
-0.99873696
-0.99888987
-0.99903293
-0.99916613
-0.99928947
-0.99940295
-0.99950656
-0.99960031
-0.99968419
-0.99975820
-0.99982235
-0.99987663
-0.99992104
-0.99995559
-0.99998026
-0.99999507
-1.00000000
-0.99999507
-0.99998026
-0.99995559
-0.99992104
-0.99987663
-0.99982235
-0.99975820
-0.99968419
-0.99960031
-0.99950656
-0.99940295
-0.99928947
-0.99916613
-0.99903293
-0.99888987
-0.99873696
-0.99857418
-0.99840155
-0.99821907
-0.99802673
-0.99782454
-0.99761251
-0.99739063
-0.99715890
-0.99691733
-0.99666593
-0.99640469
-0.99613361
-0.99585270
-0.99556196
-0.99526140
-0.99495102
-0.99463081
-0.99430079
-0.99396096
-0.99361131
-0.99325186
-0.99288260
-0.99250355
-0.99211470
-0.99171606
-0.99130763
-0.99088942
-0.99046143
-0.99002366
-0.98957612
-0.98911881
-0.98865174
-0.98817492
-0.98768834
-0.98719201
-0.98668594
-0.98617014
-0.98564460
-0.98510933
-0.98456433
-0.98400963
-0.98344520
-0.98287108
-0.98228725
-0.98169373
-0.98109052
-0.98047762
-0.97985505
-0.97922281
-0.97858090
-0.97792934
-0.97726812
-0.97659726
-0.97591676
-0.97522663
-0.97452687
-0.97381750
-0.97309851
-0.97236992
-0.97163173
-0.97088396
-0.97012660
-0.96935966
-0.96858316
-0.96779710
-0.96700149
-0.96619633
-0.96538164
-0.96455742
-0.96372368
-0.96288043
-0.96202767
-0.96116542
-0.96029369
-0.95941247
-0.95852179
-0.95762165
-0.95671205
-0.95579301
-0.95486454
-0.95392665
-0.95297934
-0.95202263
-0.95105652
-0.95008102
-0.94909614
-0.94810190
-0.94709830
-0.94608536
-0.94506308
-0.94403146
-0.94299054
-0.94194030
-0.94088077
-0.93981195
-0.93873386
-0.93764650
-0.93654989
-0.93544403
-0.93432894
-0.93320463
-0.93207111
-0.93092839
-0.92977649
-0.92861540
-0.92744515
-0.92626575
-0.92507721
-0.92387953
-0.92267274
-0.92145684
-0.92023185
-0.91899777
-0.91775463
-0.91650242
-0.91524117
-0.91397089
-0.91269159
-0.91140328
-0.91010597
-0.90879968
-0.90748442
-0.90616021
-0.90482705
-0.90348496
-0.90213396
-0.90077405
-0.89940525
-0.89802758
-0.89664104
-0.89524565
-0.89384142
-0.89242838
-0.89100652
-0.88957588
-0.88813645
-0.88668826
-0.88523131
-0.88376563
-0.88229123
-0.88080811
-0.87931631
-0.87781583
-0.87630668
-0.87478888
-0.87326245
-0.87172741
-0.87018375
-0.86863151
-0.86707070
-0.86550133
-0.86392342
-0.86233698
-0.86074203
-0.85913858
-0.85752666
-0.85590627
-0.85427743
-0.85264016
-0.85099448
-0.84934040
-0.84767794
-0.84600711
-0.84432793
-0.84264041
-0.84094458
-0.83924045
-0.83752804
-0.83580736
-0.83407843
-0.83234127
-0.83059590
-0.82884233
-0.82708057
-0.82531066
-0.82353260
-0.82174641
-0.81995211
-0.81814972
-0.81633925
-0.81452073
-0.81269416
-0.81085958
-0.80901699
-0.80716642
-0.80530789
-0.80344140
-0.80156698
-0.79968466
-0.79779444
-0.79589635
-0.79399040
-0.79207661
-0.79015501
-0.78822561
-0.78628843
-0.78434349
-0.78239081
-0.78043041
-0.77846230
-0.77648651
-0.77450306
-0.77251196
-0.77051324
-0.76850692
-0.76649301
-0.76447153
-0.76244251
-0.76040597
-0.75836192
-0.75631038
-0.75425138
-0.75218494
-0.75011107
-0.74802980
-0.74594115
-0.74384513
-0.74174177
-0.73963109
-0.73751312
-0.73538786
-0.73325535
-0.73111559
-0.72896863
-0.72681447
-0.72465313
-0.72248464
-0.72030902
-0.71812630
-0.71593648
-0.71373960
-0.71153568
-0.70932473
-0.70710678
-0.70488185
-0.70264997
-0.70041115
-0.69816542
-0.69591280
-0.69365331
-0.69138697
-0.68911381
-0.68683385
-0.68454711
-0.68225361
-0.67995338
-0.67764644
-0.67533281
-0.67301251
-0.67068558
-0.66835202
-0.66601187
-0.66366514
-0.66131187
-0.65895206
-0.65658576
-0.65421297
-0.65183373
-0.64944805
-0.64705596
-0.64465749
-0.64225265
-0.63984148
-0.63742399
-0.63500021
-0.63257016
-0.63013387
-0.62769136
-0.62524266
-0.62278778
-0.62032676
-0.61785961
-0.61538637
-0.61290705
-0.61042169
-0.60793030
-0.60543291
-0.60292954
-0.60042023
-0.59790498
-0.59538384
-0.59285682
-0.59032395
-0.58778525
-0.58524075
-0.58269048
-0.58013445
-0.57757270
-0.57500525
-0.57243213
-0.56985335
-0.56726895
-0.56467895
-0.56208338
-0.55948226
-0.55687562
-0.55426348
-0.55164587
-0.54902282
-0.54639435
-0.54376048
-0.54112125
-0.53847668
-0.53582679
-0.53317162
-0.53051118
-0.52784551
-0.52517463
-0.52249856
-0.51981734
-0.51713099
-0.51443953
-0.51174300
-0.50904142
-0.50633481
-0.50362320
-0.50090663
-0.49818511
-0.49545867
-0.49272734
-0.48999115
-0.48725013
-0.48450429
-0.48175367
-0.47899830
-0.47623820
-0.47347340
-0.47070393
-0.46792981
-0.46515108
-0.46236775
-0.45957986
-0.45678743
-0.45399050
-0.45118908
-0.44838322
-0.44557292
-0.44275823
-0.43993917
-0.43711577
-0.43428805
-0.43145605
-0.42861978
-0.42577929
-0.42293460
-0.42008573
-0.41723271
-0.41437558
-0.41151436
-0.40864907
-0.40577976
-0.40290644
-0.40002914
-0.39714789
-0.39426272
-0.39137367
-0.38848075
-0.38558399
-0.38268343
-0.37977910
-0.37687101
-0.37395921
-0.37104371
-0.36812455
-0.36520176
-0.36227537
-0.35934540
-0.35641188
-0.35347484
-0.35053432
-0.34759034
-0.34464292
-0.34169211
-0.33873792
-0.33578039
-0.33281954
-0.32985541
-0.32688803
-0.32391742
-0.32094361
-0.31796663
-0.31498652
-0.31200330
-0.30901699
-0.30602764
-0.30303527
-0.30003991
-0.29704158
-0.29404033
-0.29103617
-0.28802914
-0.28501926
-0.28200658
-0.27899111
-0.27597288
-0.27295194
-0.26992829
-0.26690199
-0.26387305
-0.26084151
-0.25780739
-0.25477073
-0.25173155
-0.24868989
-0.24564577
-0.24259923
-0.23955030
-0.23649900
-0.23344536
-0.23038943
-0.22733122
-0.22427076
-0.22120809
-0.21814324
-0.21507624
-0.21200711
-0.20893589
-0.20586261
-0.20278730
-0.19970998
-0.19663069
-0.19354947
-0.19046633
-0.18738131
-0.18429445
-0.18120576
-0.17811529
-0.17502306
-0.17192910
-0.16883344
-0.16573612
-0.16263717
-0.15953660
-0.15643447
-0.15333078
-0.15022559
-0.14711891
-0.14401078
-0.14090123
-0.13779029
-0.13467799
-0.13156436
-0.12844943
-0.12533323
-0.12221580
-0.11909716
-0.11597734
-0.11285638
-0.10973431
-0.10661115
-0.10348695
-0.10036171
-0.09723549
-0.09410831
-0.09098020
-0.08785120
-0.08472132
-0.08159061
-0.07845910
-0.07532681
-0.07219377
-0.06906003
-0.06592560
-0.06279052
-0.05965482
-0.05651853
-0.05338169
-0.05024432
-0.04710645
-0.04396812
-0.04082935
-0.03769018
-0.03455064
-0.03141076
-0.02827057
-0.02513010
-0.02198938
-0.01884844
-0.01570732
-0.01256604
-0.00942464
-0.00628314
-0.00314159
-0.00000000
