0.390000, 0.000000
0.720000, 0.000000
1.000000, 0.000000
1.520000, 0.000000
5.200000, 0.000000
9.540000, 0.000000
19.200000, 0.000000
30.100000, 0.000000

0.357127, 0.160128
0.710355, 0.117851
0.995000, 0.100000
1.517836, 0.081111
5.199815, 0.043853
9.539945, 0.032376
19.199986, 0.022822
30.099994, 0.018227

0.264687, 0.293547
0.681685, 0.232546
0.980051, 0.199000
1.511351, 0.161990
5.199261, 0.087703
9.539779, 0.064752
19.199946, 0.045644
30.099978, 0.036454

0.129383, 0.379428
0.634772, 0.341016
0.955303, 0.296010
1.500563, 0.242409
5.198337, 0.131546
9.539503, 0.097127
19.199878, 0.068465
30.099950, 0.054681

-0.026003, 0.406414
0.570893, 0.440372
0.921006, 0.390062
1.485502, 0.322137
5.197043, 0.175380
9.539117, 0.129501
19.199782, 0.091287
30.099911, 0.072908

-0.177538, 0.373226
0.491783, 0.527979
0.877504, 0.480215
1.466213, 0.400948
5.195380, 0.219202
9.538620, 0.161874
19.199660, 0.114108
30.099862, 0.091135

-0.303925, 0.287173
0.399582, 0.601530
0.825236, 0.565570
1.442749, 0.478617
5.193347, 0.263008
9.538013, 0.194244
19.199510, 0.136930
30.099801, 0.109362

-0.388739, 0.161841
0.296771, 0.659108
0.764726, 0.645277
1.415178, 0.554924
5.190946, 0.306796
9.537296, 0.226613
19.199334, 0.159751
30.099729, 0.127589

-0.421488, 0.014834
0.186104, 0.699234
0.696584, 0.718542
1.383578, 0.629651
5.188175, 0.350561
9.536468, 0.258978
19.199130, 0.182571
30.099646, 0.145816

-0.398056, -0.134150
0.070525, 0.720903
0.621491, 0.784638
1.348041, 0.702585
5.185035, 0.394302
9.535530, 0.291341
19.198898, 0.205392
30.099552, 0.164043

-0.320920, -0.265036
-0.046909, 0.723602
0.540202, 0.842910
1.308666, 0.773518
5.181527, 0.438015
9.534482, 0.323701
19.198640, 0.228212
30.099447, 0.182270

-0.199279, -0.359169
-0.163112, 0.707323
0.453531, 0.892781
1.265567, 0.842250
5.177651, 0.481696
9.533323, 0.356056
19.198354, 0.251032
30.099331, 0.200496

-0.048880, -0.401478
-0.275049, 0.672551
0.362342, 0.933761
1.218866, 0.908584
5.173406, 0.525343
9.532054, 0.388408
19.198042, 0.273852
30.099203, 0.218723

0.108913, -0.383103
-0.379815, 0.620248
0.267549, 0.965448
1.168696, 0.972333
5.168794, 0.568953
9.530675, 0.420755
19.197701, 0.296671
30.099065, 0.236949

0.249472, -0.304088
-0.474708, 0.551825
0.170095, 0.987532
1.115201, 1.033313
5.163814, 0.612522
9.529185, 0.453098
19.197334, 0.319490
30.098916, 0.255176

0.349034, -0.175090
-0.557293, 0.469096
0.070951, 0.999802
1.058532, 1.091353
5.158467, 0.656048
9.527585, 0.485435
19.196940, 0.342309
30.098755, 0.273402

0.389966, -0.016675
-0.625460, 0.374233
-0.028896, 1.002143
0.998853, 1.146288
5.152753, 0.699527
9.525875, 0.517766
19.196518, 0.365127
30.098584, 0.291629

0.365303, 0.144547
-0.677476, 0.269707
-0.128455, 0.994539
0.936332, 1.197960
5.146673, 0.742957
9.524055, 0.550092
19.196069, 0.387944
30.098401, 0.309855

0.280374, 0.281919
-0.712020, 0.158226
-0.226740, 0.977073
0.871147, 1.246225
5.140228, 0.786333
9.522124, 0.582412
19.195593, 0.410761
30.098208, 0.328081

0.150833, 0.374424
-0.728218, 0.042670
-0.322777, 0.949924
0.803485, 1.290943
5.133416, 0.829654
9.520084, 0.614724
19.195090, 0.433577
30.098003, 0.346307

-0.001635, 0.409987
-0.725659, -0.073986
-0.415617, 0.913369
0.733538, 1.331990
5.126240, 0.872915
9.517933, 0.647030
19.194560, 0.456393
30.097787, 0.364532

-0.153853, 0.386056
-0.704406, -0.188735
-0.504342, 0.867776
0.661506, 1.369248
5.118699, 0.916115
9.515672, 0.679328
19.194002, 0.479208
30.097561, 0.382758

-0.284626, 0.308348
-0.664994, -0.298618
-0.588079, 0.813602
0.587592, 1.402611
5.110795, 0.959249
9.513301, 0.711618
19.193418, 0.502022
30.097323, 0.400984

-0.376881, 0.188931
-0.608420, -0.400796
-0.666003, 0.751387
0.512009, 1.431986
5.102527, 1.002315
9.510820, 0.743901
19.192806, 0.524836
30.097074, 0.419209

-0.418856, 0.044318
-0.536116, -0.492614
-0.737346, 0.681750
0.434970, 1.457289
5.093896, 1.045310
9.508229, 0.776174
19.192166, 0.547649
30.096814, 0.437434

-0.404806, -0.106218
-0.449924, -0.571672
-0.801410, 0.605384
0.356695, 1.478448
5.084904, 1.088230
9.505528, 0.808439
19.191500, 0.570461
30.096543, 0.455659

-0.335566, -0.242274
-0.352047, -0.635888
-0.857563, 0.523043
0.277408, 1.495405
5.075549, 1.131074
9.502717, 0.840695
19.190807, 0.593272
30.096261, 0.473884

-0.219019, -0.344187
-0.245001, -0.683549
-0.905256, 0.435545
0.197332, 1.508110
5.065834, 1.173836
9.499796, 0.872940
19.190086, 0.616083
30.095968, 0.492109

-0.070218, -0.395442
-0.131554, -0.713360
-0.944022, 0.343751
0.116696, 1.516529
5.055759, 1.216515
9.496765, 0.905176
19.189338, 0.638892
30.095663, 0.510333

0.089443, -0.385680
-0.014657, -0.724486
-0.973480, 0.248570
0.035730, 1.520637
5.045324, 1.259108
9.493625, 0.937402
19.188563, 0.661701
30.095348, 0.528558

0.234717, -0.313762
0.102631, -0.716574
-0.993342, 0.150939
-0.045337, 1.520425
5.034531, 1.301611
9.490374, 0.969616
19.187761, 0.684509
30.095022, 0.546782

0.340984, -0.189654
0.217218, -0.689770
-1.003414, 0.051821
-0.126274, 1.515892
5.023380, 1.344021
9.487014, 1.001820
19.186931, 0.707316
30.094684, 0.565006

0.389813, -0.033574
0.326066, -0.644725
-1.003596, -0.047807
-0.206852, 1.507052
5.011871, 1.386336
9.483544, 1.034012
19.186074, 0.730121
30.094336, 0.583230

0.373492, 0.128126
0.426272, -0.582579
-0.993888, -0.146963
-0.286841, 1.493931
5.000007, 1.428552
9.479964, 1.066192
19.185191, 0.752926
30.093976, 0.601453

0.296439, 0.268986
0.515148, -0.504939
-0.974384, -0.244671
-0.366014, 1.476566
4.987786, 1.470667
9.476275, 1.098360
19.184280, 0.775730
30.093606, 0.619677

0.173134, 0.367852
0.590298, -0.413837
-0.945274, -0.339967
-0.444147, 1.455007
4.975211, 1.512677
9.472476, 1.130515
19.183341, 0.798533
30.093224, 0.637900

0.024074, 0.411928
0.649688, -0.311680
-0.906843, -0.431911
-0.521017, 1.429316
4.962283, 1.554579
9.468567, 1.162658
19.182376, 0.821334
30.092831, 0.656123

-0.128377, 0.397350
0.691706, -0.201185
-0.859468, -0.519596
-0.596406, 1.399566
4.949002, 1.596371
9.464549, 1.194787
19.181383, 0.844134
30.092428, 0.674345

-0.263164, 0.328221
0.715210, -0.085300
-0.803612, -0.602155
-0.670101, 1.365842
4.935369, 1.638049
9.460421, 1.226902
19.180364, 0.866934
30.092013, 0.692568

-0.362602, 0.215059
0.719560, 0.032871
-0.739823, -0.678771
-0.741892, 1.328239
4.921384, 1.679611
9.456184, 1.259003
19.179317, 0.889732
30.091587, 0.710790

-0.413684, 0.073249
0.704642, 0.150163
-0.668726, -0.748686
-0.811575, 1.286866
4.907051, 1.721053
9.451837, 1.291090
19.178243, 0.912528
30.091150, 0.729012

-0.409054, -0.078410
0.670865, 0.263437
-0.591021, -0.811204
-0.878953, 1.241839
4.892368, 1.762373
9.447382, 1.323161
19.177142, 0.935324
30.090702, 0.747233

-0.347898, -0.219234
0.619154, 0.369666
-0.507471, -0.865704
-0.943834, 1.193287
4.877337, 1.803567
9.442817, 1.355218
19.176013, 0.958118
30.090243, 0.765455

-0.236779, -0.328595
0.550918, 0.466025
-0.418899, -0.911642
-1.006035, 1.141348
4.861960, 1.844633
9.438142, 1.387259
19.174858, 0.980911
30.089773, 0.783676

-0.090037, -0.388584
0.468010, 0.549967
-0.326178, -0.948558
-1.065380, 1.086170
4.846237, 1.885568
9.433359, 1.419284
19.173675, 1.003702
30.089291, 0.801896

0.070935, -0.387404
0.372670, 0.619289
-0.230222, -0.976079
-1.121699, 1.027909
4.830169, 1.926369
9.428466, 1.451293
19.172465, 1.026492
30.088799, 0.820117

0.220360, -0.322799
0.267460, 0.672193
-0.131981, -0.993927
-1.174833, 0.966731
4.813758, 1.967033
9.423465, 1.483285
19.171228, 1.049280
30.088296, 0.838337

0.332899, -0.204046
0.155190, 0.707330
-0.032427, -1.001917
-1.224631, 0.902810
4.797005, 2.007557
9.418354, 1.515261
19.169964, 1.072067
30.087781, 0.856557

0.389449, -0.050916
0.038843, 0.723830
0.067454, -0.999963
-1.270953, 0.836327
4.779911, 2.047938
9.413134, 1.547218
19.168672, 1.094853
30.087256, 0.874776

0.381585, 0.110659
-0.078512, 0.721318
0.166669, -0.988076
-1.313667, 0.767472
4.762476, 2.088173
9.407806, 1.579158
19.167354, 1.117637
30.086720, 0.892996

0.312735, 0.254542
-0.193800, 0.699923
0.264233, -0.966368
-1.352651, 0.696439
4.744704, 2.128260
9.402369, 1.611080
19.166008, 1.140419
30.086172, 0.911215

0.196105, 0.359490
-0.304016, 0.660262
0.359174, -0.935048
-1.387796, 0.623430
4.726594, 2.168195
9.396823, 1.642983
19.164635, 1.163200
30.085613, 0.929433

0.050922, 0.411977
-0.406306, 0.603420
0.450545, -0.894420
-1.419002, 0.548652
4.708147, 2.207977
9.391168, 1.674868
19.163235, 1.185979
30.085044, 0.947651

-0.101316, 0.406814
-0.498038, 0.530920
0.537435, -0.844883
-1.446179, 0.472318
4.689367, 2.247601
9.385405, 1.706733
19.161808, 1.208757
30.084463, 0.965869

-0.239733, 0.346466
-0.576860, 0.444676
0.618974, -0.786924
-1.469251, 0.394644
4.670252, 2.287065
9.379533, 1.738578
19.160354, 1.231533
30.083871, 0.984087

-0.346072, 0.239883
-0.640760, 0.346944
0.694346, -0.721116
-1.488153, 0.315852
4.650806, 2.326366
9.373552, 1.770404
19.158873, 1.254307
30.083268, 1.002304

-0.406115, 0.101279
-0.688114, 0.240265
0.762797, -0.648112
-1.502831, 0.236163
4.631029, 2.365502
9.367464, 1.802209
19.157364, 1.277079
30.082655, 1.020521

-0.410910, -0.051065
-0.717719, 0.127397
0.823639, -0.568637
-1.513243, 0.155805
4.610923, 2.404470
9.361266, 1.833994
19.155828, 1.299849
30.082030, 1.038737

-0.358003, -0.196230
-0.728821, 0.011251
0.876262, -0.483481
-1.519360, 0.075005
4.590488, 2.443267
9.354961, 1.865757
19.154265, 1.322618
30.081394, 1.056953

-0.252631, -0.312670
-0.721137, -0.105180
0.920138, -0.393492
-1.521164, -0.006007
4.569728, 2.481890
9.348547, 1.897499
19.152675, 1.345385
30.080747, 1.075169

-0.108417, -0.381139
-0.694856, -0.218899
0.954824, -0.299570
-1.518650, -0.087002
4.548643, 2.520336
9.342026, 1.929219
19.151058, 1.368150
30.080088, 1.093384

0.053289, -0.388483
-0.650637, -0.326968
0.979972, -0.202651
-1.511824, -0.167749
4.527234, 2.558603
9.335396, 1.960917
19.149414, 1.390913
30.079419, 1.111599

0.206277, -0.331396
-0.589598, -0.426589
0.995329, -0.103703
-1.500707, -0.248020
4.505503, 2.596688
9.328658, 1.992593
19.147743, 1.413674
30.078739, 1.129814

0.324643, -0.218458
-0.513284, -0.515168
1.000740, -0.003717
-1.485330, -0.327586
4.483452, 2.634588
9.321813, 2.024245
19.146044, 1.436433
30.078048, 1.148028

0.388730, -0.068882
-0.423641, -0.590384
0.996152, 0.096308
-1.465736, -0.406223
4.461082, 2.672301
9.314859, 2.055874
19.144319, 1.459190
30.077345, 1.166241

0.389412, 0.091981
-0.322963, -0.650246
0.981611, 0.195373
-1.441980, -0.483706
4.438395, 2.709824
9.307798, 2.087480
19.142566, 1.481945
30.076632, 1.184454

0.329058, 0.238425
-0.213843, -0.693149
0.957264, 0.292486
-1.414130, -0.559816
4.415392, 2.747154
9.300629, 2.119062
19.140786, 1.504697
30.075908, 1.202667

0.219505, 0.349161
-0.099109, -0.717919
0.923355, 0.386677
-1.382264, -0.634337
4.392076, 2.784288
9.293353, 2.150619
19.138979, 1.527448
30.075172, 1.220880

0.078642, 0.409928
0.018248, -0.723847
0.880228, 0.477006
-1.346473, -0.707056
4.368447, 2.821225
9.285969, 2.182151
19.137145, 1.550197
30.074425, 1.239091

-0.072941, 0.414206
0.135149, -0.710717
0.828315, 0.562572
-1.306858, -0.777769
4.344508, 2.857960
9.278478, 2.213659
19.135284, 1.572943
30.073668, 1.257303

-0.214596, 0.362817
0.248504, -0.678814
0.768140, 0.642521
-1.263531, -0.846273
4.320259, 2.894493
9.270880, 2.245141
19.133396, 1.595687
30.072899, 1.275514

-0.327533, 0.263115
0.355302, -0.628925
0.700306, 0.716060
-1.216615, -0.912375
4.295704, 2.930819
9.263174, 2.276597
19.131480, 1.618429
30.072120, 1.293724

-0.396364, 0.128114
0.452689, -0.562325
0.625495, 0.782456
-1.166242, -0.975886
4.270843, 2.966937
9.255361, 2.308027
19.129538, 1.641169
30.071329, 1.311934

-0.410559, -0.024472
0.538047, -0.480745
0.544457, 0.841053
-1.112556, -1.036626
4.245678, 3.002844
9.247441, 2.339430
19.127568, 1.663906
30.070527, 1.330144

-0.366033, -0.173530
0.609074, -0.386329
0.458004, 0.891270
-1.055709, -1.094422
4.220211, 3.038537
9.239415, 2.370807
19.125571, 1.686641
30.069714, 1.348353

-0.266709, -0.296645
0.663847, -0.281578
0.367000, 0.932615
-0.995861, -1.149110
4.194445, 3.074014
9.231281, 2.402156
19.123548, 1.709374
30.068890, 1.366562

-0.125487, -0.373303
0.700879, -0.169283
0.272354, 0.964680
-0.933183, -1.200535
4.168380, 3.109272
9.223041, 2.433477
19.121497, 1.732104
30.068055, 1.384770

0.036362, -0.389083
0.719166, -0.052446
0.175012, 0.987155
-0.867852, -1.248550
4.142019, 3.144310
9.214694, 2.464771
19.119419, 1.754832
30.067209, 1.402977

0.192312, -0.339702
0.718214, 0.065804
0.075941, 0.999822
-0.800052, -1.293019
4.115363, 3.179123
9.206240, 2.496036
19.117314, 1.777557
30.066352, 1.421184

0.316047, -0.233028
0.698056, 0.182299
-0.023871, 1.002564
-0.729978, -1.333815
4.088414, 3.213710
9.197680, 2.527273
19.115182, 1.800280
30.065484, 1.439391

0.387469, -0.087590
0.659248, 0.293924
-0.123435, 0.995361
-0.657826, -1.370821
4.061175, 3.248068
9.189014, 2.558480
19.113023, 1.823000
30.064605, 1.457597

0.396758, 0.071987
0.602853, 0.397702
-0.221763, 0.978291
-0.583803, -1.403933
4.033647, 3.282196
9.180241, 2.589658
19.110836, 1.845718
30.063715, 1.475802

0.345150, 0.220530
0.530407, 0.490878
-0.317880, 0.951531
-0.508118, -1.433056
4.005833, 3.316090
9.171362, 2.620806
19.108623, 1.868433
30.062813, 1.494007

0.243041, 0.336735
0.443877, 0.570997
-0.410838, 0.915354
-0.430985, -1.458106
3.977733, 3.349748
9.162377, 2.651924
19.106383, 1.891145
30.061901, 1.512212

0.106925, 0.405620
0.345595, 0.635965
-0.499717, 0.870123
-0.352624, -1.479013
3.949351, 3.383167
9.153287, 2.683012
19.104115, 1.913855
30.060978, 1.530415

-0.043567, 0.419336
0.238200, 0.684106
-0.583642, 0.816292
-0.273257, -1.495717
3.920687, 3.416346
9.144090, 2.714068
19.101820, 1.936562
30.060043, 1.548619

-0.188056, 0.377053
0.124554, 0.714201
-0.661786, 0.754398
-0.193110, -1.508169
3.891745, 3.449282
9.134787, 2.745094
19.099499, 1.959266
30.059098, 1.566821

-0.307271, 0.284517
0.007668, 0.725516
-0.733380, 0.685058
-0.112410, -1.516334
3.862526, 3.481972
9.125379, 2.776087
19.097150, 1.981968
30.058141, 1.585024

-0.384686, 0.153505
-0.109382, 0.717815
-0.797720, 0.608959
-0.031386, -1.520188
3.833033, 3.514414
9.115866, 2.807049
19.094775, 2.004667
30.057174, 1.603225

-0.408223, 0.001129
-0.223535, 0.691361
-0.854175, 0.526856
0.049731, -1.519720
3.803267, 3.546607
9.106247, 2.837979
19.092372, 2.027363
30.056195, 1.621426

-0.372183, -0.151352
-0.331824, 0.646901
-0.902191, 0.439562
0.130711, -1.514931
3.773231, 3.578547
9.096523, 2.868876
19.089942, 2.050056
30.055205, 1.639627

-0.279190, -0.280700
-0.431450, 0.585640
-0.941298, 0.347938
0.211324, -1.505834
3.742926, 3.610232
9.086693, 2.899739
19.087485, 2.072746
30.054205, 1.657826

-0.141431, -0.365219
-0.519852, 0.509210
-0.971111, 0.252889
0.291341, -1.492454
3.712355, 3.641661
9.076759, 2.930570
19.085001, 2.095433
30.053193, 1.676026

0.019953, -0.389325
-0.594768, 0.419621
-0.991338, 0.155353
0.370534, -1.474829
3.681520, 3.672830
9.066719, 2.961366
19.082490, 2.118117
30.052170, 1.694224

0.178250, -0.347830
-0.654287, 0.319211
-1.001782, 0.056290
0.448678, -1.453009
3.650423, 3.703738
9.056575, 2.992129
19.079952, 2.140799
30.051136, 1.712422

0.306892, -0.247853
-0.696893, 0.210582
-1.002340, -0.043321
0.525551, -1.427056
3.619067, 3.734383
9.046326, 3.022857
19.077387, 2.163477
30.050091, 1.730619

0.385437, -0.107115
-0.721503, 0.096541
-0.993005, -0.142501
0.600935, -1.397042
3.587453, 3.764761
9.035972, 3.053550
19.074795, 2.186152
30.049035, 1.748816

0.403363, 0.050624
-0.727488, -0.019973
-0.973868, -0.240272
0.674614, -1.363054
3.555585, 3.794872
9.025514, 3.084209
19.072176, 2.208825
30.047969, 1.767012

0.360714, 0.200806
-0.714690, -0.135959
-0.945117, -0.335669
0.746379, -1.325186
3.523463, 3.824713
9.014952, 3.114831
19.069530, 2.231494
30.046891, 1.785207

0.266378, 0.322150
-0.683425, -0.248427
-0.907031, -0.427752
0.816026, -1.283547
3.491091, 3.854281
9.004285, 3.145418
19.066857, 2.254159
30.045801, 1.803402

0.135409, 0.398965
-0.634478, -0.354471
-0.859983, -0.515611
0.883358, -1.238255
3.458471, 3.883576
8.993514, 3.175968
19.064157, 2.276822
30.044701, 1.821596

-0.013564, 0.422081
-0.569083, -0.451337
-0.804434, -0.598378
0.948181, -1.189438
3.425604, 3.912594
8.982639, 3.206482
19.061430, 2.299482
30.043590, 1.839790

-0.160479, 0.389024
-0.488900, -0.536498
-0.740928, -0.675235
1.010312, -1.137235
3.392494, 3.941333
8.971661, 3.236959
19.058676, 2.322138
30.042468, 1.857982

-0.285632, 0.303914
-0.395974, -0.607714
-0.670087, -0.745418
1.069574, -1.081794
3.359143, 3.969792
8.960578, 3.267399
19.055895, 2.344791
30.041335, 1.876175

-0.371399, 0.177264
-0.292688, -0.663092
-0.592607, -0.808231
1.125798, -1.023272
3.325553, 3.997968
8.949392, 3.297801
19.053087, 2.367441
30.040191, 1.894366

-0.404182, 0.025549
-0.181708, -0.701139
-0.509250, -0.863049
1.178823, -0.961836
3.291727, 4.025860
8.938103, 3.328165
19.050252, 2.390087
30.039035, 1.912557

-0.376696, -0.129862
-0.065915, -0.720803
-0.420835, -0.909325
1.228500, -0.897661
3.257666, 4.053465
8.926710, 3.358491
19.047390, 2.412730
30.037869, 1.930747

-0.290298, -0.264969
0.051663, -0.721507
-0.328235, -0.946593
1.274687, -0.830929
3.223374, 4.080782
8.915214, 3.388778
19.044501, 2.435370
30.036692, 1.948936

-0.156472, -0.356986
0.167935, -0.703173
-0.232363, -0.974479
1.317251, -0.761829
3.188853, 4.107808
8.903614, 3.419026
19.041585, 2.458006
30.035503, 1.967124

0.003830, -0.389286
0.279821, -0.666224
-0.134166, -0.992700
1.356072, -0.690559
3.154104, 4.134542
8.891912, 3.449235
19.038642, 2.480639
30.034304, 1.985312

0.163851, -0.355842
0.384343, -0.611587
-0.034618, -1.001066
1.391040, -0.617321
3.119132, 4.160982
8.880107, 3.479404
19.035672, 2.503268
30.033093, 2.003499

0.296933, -0.262980
0.478703, -0.540666
0.065296, -0.999489
1.422053, -0.542323
3.083938, 4.187126
8.868200, 3.509532
19.032676, 2.525893
30.031872, 2.021686

0.382371, -0.127480
0.560362, -0.455313
0.164584, -0.987975
1.449026, -0.465778
3.048524, 4.212971
8.856189, 3.539621
19.029652, 2.548516
30.030639, 2.039871

0.408931, 0.027885
0.627115, -0.357779
0.262259, -0.966632
1.471879, -0.387905
3.012894, 4.238517
8.844077, 3.569668
19.026601, 2.571134
30.029395, 2.058056

0.375414, 0.179246
0.677156, -0.250653
0.357348, -0.935665
1.490549, -0.308925
2.977049, 4.263761
8.831862, 3.599675
19.023523, 2.593749
30.028141, 2.076241

0.289149, 0.305379
0.709129, -0.136794
0.448902, -0.895375
1.504982, -0.229063
2.940993, 4.288701
8.819545, 3.629639
19.020419, 2.616360
30.026875, 2.094424

0.163709, 0.389908
0.722168, -0.019248
0.536009, -0.846157
1.515138, -0.148546
2.904728, 4.313336
8.807126, 3.659562
19.017287, 2.638968
30.025598, 2.112607

0.016681, 0.422361
0.715927, 0.098836
0.617797, -0.788495
1.520986, -0.067603
2.868256, 4.337664
8.794605, 3.689443
19.014128, 2.661571
30.024311, 2.130788

-0.132244, 0.398624
0.690584, 0.214298
0.693448, -0.722961
1.522511, 0.013535
2.831580, 4.361684
8.781983, 3.719282
19.010943, 2.684172
30.023012, 2.148969

-0.262975, 0.321179
0.646840, 0.324053
0.762203, -0.650202
1.519709, 0.094638
2.794702, 4.385392
8.769258, 3.749077
19.007730, 2.706768
30.021702, 2.167150

-0.356830, 0.199253
0.585891, 0.425179
0.823374, -0.570942
1.512587, 0.175474
2.757626, 4.408789
8.756433, 3.778830
19.004491, 2.729360
30.020381, 2.185329

-0.398725, 0.048653
0.509397, 0.515000
0.876346, -0.485969
1.501167, 0.255814
2.720354, 4.431872
8.743506, 3.808538
19.001225, 2.751949
30.019049, 2.203508

-0.379828, -0.109173
0.419431, 0.591155
0.920587, -0.396131
1.485479, 0.335428
2.682889, 4.454639
8.730478, 3.838203
18.997932, 2.774534
30.017706, 2.221686

-0.300272, -0.249532
0.318416, 0.651663
0.955653, -0.302323
1.465571, 0.414091
2.645233, 4.477089
8.717349, 3.867824
18.994612, 2.797114
30.016352, 2.239863

-0.170850, -0.348656
0.209054, 0.694971
0.981192, -0.205482
1.441497, 0.491578
2.607388, 4.499221
8.704120, 3.897400
18.991265, 2.819691
30.014987, 2.258039

-0.012250, -0.389004
0.094256, 0.719993
0.996946, -0.106576
1.413328, 0.567669
2.569359, 4.521032
8.690790, 3.926931
18.987891, 2.842264
30.013611, 2.276215

0.148875, -0.363763
-0.022945, 0.726129
1.002759, -0.006593
1.381143, 0.642148
2.531146, 4.542521
8.677359, 3.956416
18.984490, 2.864833
30.012224, 2.294389

0.285932, -0.278406
-0.139471, 0.713281
0.998571, 0.093466
1.345034, 0.714802
2.492754, 4.563687
8.663828, 3.985856
18.981062, 2.887398
30.010826, 2.312563

0.378019, -0.148650
-0.252282, 0.681843
0.984426, 0.192602
1.305105, 0.785425
2.454184, 4.584528
8.650196, 4.015251
18.977608, 2.909958
30.009417, 2.330736

0.413179, 0.003831
-0.358452, 0.632688
0.960468, 0.289824
1.261469, 0.853815
2.415440, 4.605043
8.636465, 4.044598
18.974126, 2.932515
30.007997, 2.348908

0.388927, 0.155920
-0.455241, 0.567142
0.926937, 0.384160
1.214250, 0.919779
2.376524, 4.625229
8.622634, 4.073900
18.970618, 2.955068
30.006566, 2.367079

0.310997, 0.286485
-0.540165, 0.486939
0.884172, 0.474669
1.163585, 0.983129
2.337440, 4.645087
8.608703, 4.103154
18.967083, 2.977616
30.005124, 2.385249

0.191446, 0.378491
-0.611052, 0.394184
0.832605, 0.560448
1.109616, 1.043685
2.298189, 4.664613
8.594672, 4.132361
18.963521, 3.000160
30.003670, 2.403419

0.046777, 0.420191
-0.666093, 0.291289
0.772753, 0.640642
1.052499, 1.101274
2.258774, 4.683808
8.580542, 4.161520
18.959932, 3.022700
30.002206, 2.421587

-0.103735, 0.405839
-0.703886, 0.180917
0.705220, 0.714454
0.992395, 1.155733
2.219199, 4.702669
8.566313, 4.190631
18.956316, 3.045236
30.000731, 2.439755

-0.239662, 0.336277
-0.723466, 0.065919
0.630682, 0.781152
0.929477, 1.206908
2.179467, 4.721195
8.551985, 4.219694
18.952674, 3.067767
29.999245, 2.457922

-0.341307, 0.219424
-0.724331, -0.050745
0.549888, 0.840074
0.863923, 1.254653
2.139579, 4.739385
8.537557, 4.248708
18.949004, 3.090294
29.997747, 2.476088

-0.392140, 0.070403
-0.706448, -0.166067
0.463647, 0.890639
0.795920, 1.298832
2.099539, 4.757237
8.523032, 4.277673
18.945308, 3.112817
29.996239, 2.494253

-0.381835, -0.089299
-0.670260, -0.277072
0.372822, 0.932349
0.725663, 1.339321
2.059350, 4.774751
8.508407, 4.306589
18.941585, 3.135335
29.994720, 2.512417

-0.309356, -0.234367
-0.616676, -0.380885
0.278320, 0.964795
0.653351, 1.376004
2.019015, 4.791925
8.493684, 4.335455
18.937835, 3.157849
29.993189, 2.530580

-0.184810, -0.340183
-0.547047, -0.474807
0.181085, 0.987661
0.579190, 1.408778
1.978536, 4.808757
8.478863, 4.364272
18.934058, 3.180358
29.991648, 2.548742

-0.028538, -0.388419
-0.463144, -0.556379
0.082084, 1.000729
0.503392, 1.437550
1.937917, 4.825248
8.463944, 4.393037
18.930254, 3.202863
29.990095, 2.566904

0.133077, -0.371517
-0.367108, -0.623447
-0.017697, 1.003875
0.426173, 1.462238
1.897160, 4.841394
8.448927, 4.421753
18.926424, 3.225363
29.988532, 2.585064

0.273642, -0.294028
-0.261409, -0.674219
-0.117268, 0.997076
0.347751, 1.482772
1.856268, 4.857196
8.433812, 4.450417
18.922567, 3.247859
29.986957, 2.603223

0.372118, -0.170489
-0.148780, -0.707319
-0.215641, 0.980407
0.268352, 1.499096
1.815244, 4.872651
8.418600, 4.479029
18.918683, 3.270350
29.985372, 2.621382

0.415811, -0.021381
-0.032154, -0.721819
-0.311842, 0.954042
0.188200, 1.511162
1.774091, 4.887760
8.403290, 4.507590
18.914772, 3.292837
29.983775, 2.639539

0.400919, 0.130987
0.085414, -0.717278
-0.404919, 0.918248
0.107523, 1.518938
1.732812, 4.902521
8.387883, 4.536099
18.910834, 3.315319
29.982168, 2.657696

0.331556, 0.265611
0.200824, -0.693755
-0.493955, 0.873386
0.026552, 1.522401
1.691410, 4.916932
8.372379, 4.564556
18.906870, 3.337796
29.980549, 2.675852

0.218234, 0.364837
0.311013, -0.651814
-0.578070, 0.819906
-0.054484, 1.521543
1.649888, 4.930994
8.356778, 4.592960
18.902879, 3.360269
29.978920, 2.694006

0.076332, 0.415666
0.413041, -0.592517
-0.656437, 0.758341
-0.135355, 1.516365
1.608248, 4.944704
8.341081, 4.621311
18.898861, 3.382737
29.977279, 2.712160

-0.075340, 0.410736
0.504173, -0.517398
-0.728284, 0.689306
-0.215829, 1.506885
1.566494, 4.958062
8.325287, 4.649609
18.894816, 3.405200
29.975628, 2.730312

-0.216062, 0.349246
0.581953, -0.428428
-0.792905, 0.613484
-0.295679, 1.493128
1.524629, 4.971066
8.309397, 4.677853
18.890745, 3.427658
29.973965, 2.748464

-0.325166, 0.237800
0.644282, -0.327958
-0.849666, 0.531628
-0.374678, 1.475135
1.482656, 4.983717
8.293410, 4.706043
18.886646, 3.450111
29.972291, 2.766615

-0.384725, 0.090821
0.689474, -0.218664
-0.898009, 0.444548
-0.452601, 1.452957
1.440578, 4.996013
8.277328, 4.734178
18.882521, 3.472560
29.970607, 2.784764

-0.382985, -0.070197
0.716305, -0.103465
-0.937461, 0.353103
-0.529227, 1.426658
1.398397, 5.007953
8.261150, 4.762259
18.878370, 3.495003
29.968911, 2.802913

-0.317803, -0.219408
0.724055, 0.014555
-0.967634, 0.258197
-0.604338, 1.396313
1.356116, 5.019536
8.244876, 4.790286
18.874191, 3.517442
29.967204, 2.821060

-0.198605, -0.331485
0.712523, 0.132236
-0.988232, 0.160766
-0.677721, 1.362009
1.313740, 5.030761
8.228507, 4.818256
18.869986, 3.539876
29.965487, 2.839207

-0.045278, -0.387437
0.682035, 0.246429
-0.999054, 0.061769
-0.749168, 1.323843
1.271270, 5.041629
8.212043, 4.846171
18.865754, 3.562305
29.963758, 2.857352

0.116224, -0.378991
0.633432, 0.354090
-0.999993, -0.037816
-0.818476, 1.281924
1.228710, 5.052137
8.195484, 4.874031
18.861495, 3.584728
29.962018, 2.875497

0.259835, -0.309699
0.568046, 0.452358
-0.991038, -0.137009
-0.885448, 1.236373
1.186063, 5.062285
8.178830, 4.901833
18.857210, 3.607147
29.960267, 2.893640

0.364421, -0.192813
0.487654, 0.538639
-0.972276, -0.234833
-0.949894, 1.187318
1.143332, 5.072073
8.162081, 4.929580
18.852898, 3.629560
29.958506, 2.911782

0.416547, -0.047544
0.394431, 0.610676
-0.943890, -0.330322
-1.011632, 1.134899
1.100519, 5.081499
8.145238, 4.957269
18.848559, 3.651969
29.956733, 2.929924

0.411074, 0.104658
0.290881, 0.666603
-0.906157, -0.422534
-1.070486, 1.079265
1.057629, 5.090563
8.128301, 4.984901
18.844194, 3.674372
29.954949, 2.948064

0.350481, 0.242960
0.179771, 0.704994
-0.859446, -0.510559
-1.126289, 1.020575
1.014663, 5.099265
8.111270, 5.012476
18.839802, 3.696770
29.953154, 2.966203

0.243708, 0.349125
0.064048, 0.724895
-0.804212, -0.593526
-1.178884, 0.958995
0.971626, 5.107603
8.094145, 5.039993
18.835383, 3.719163
29.951349, 2.984341

0.104974, 0.408937
-0.053236, 0.725844
-0.740998, -0.670614
-1.228120, 0.894701
0.928520, 5.115577
8.076926, 5.067451
18.830937, 3.741551
29.949532, 3.002478

-0.047420, 0.413437
-0.169011, 0.707879
-0.670423, -0.741058
-1.273859, 0.827875
0.885347, 5.123187
8.059614, 5.094851
18.826465, 3.763933
29.947704, 3.020614

-0.192511, 0.360183
-0.280261, 0.671524
-0.593179, -0.804159
-1.315971, 0.758707
0.842112, 5.130432
8.042208, 5.122192
18.821966, 3.786310
29.945865, 3.038748

-0.308705, 0.254464
-0.384108, 0.617778
-0.510025, -0.859287
-1.354336, 0.687393
0.798818, 5.137312
8.024709, 5.149474
18.817441, 3.808682
29.944015, 3.056882

-0.376738, 0.109997
-0.477877, 0.548078
-0.421780, -0.905892
-1.388845, 0.614137
0.755467, 5.143825
8.007118, 5.176697
18.812888, 3.831048
29.942154, 3.075015

-0.383507, -0.051757
-0.559163, 0.464264
-0.329313, -0.943507
-1.419401, 0.539145
0.712062, 5.149972
7.989434, 5.203859
18.808309, 3.853409
29.940283, 3.093146

-0.325831, -0.204522
-0.625889, 0.368524
-0.233537, -0.971752
-1.445917, 0.462631
0.668608, 5.155752
7.971657, 5.230962
18.803704, 3.875764
29.938400, 3.111276

-0.212447, -0.322417
-0.676352, 0.263346
-0.135398, -0.990339
-1.468318, 0.384812
0.625105, 5.161164
7.953789, 5.258004
18.799072, 3.898114
29.936506, 3.129405

-0.062672, -0.385903
-0.709263, 0.151446
-0.035868, -0.999077
-1.486540, 0.305909
0.581559, 5.166209
7.935828, 5.284986
18.794413, 3.920459
29.934601, 3.147533

0.098129, -0.386007
-0.723781, 0.035711
0.064067, -0.997871
-1.500531, 0.226145
0.537972, 5.170885
7.917775, 5.311906
18.789728, 3.942798
29.932685, 3.165660

0.244325, -0.325205
-0.719526, -0.080878
0.163415, -0.986726
-1.510253, 0.145748
0.494346, 5.175194
7.899631, 5.338765
18.785016, 3.965131
29.930759, 3.183786

0.354726, -0.215375
-0.696594, -0.195314
0.261187, -0.965744
-1.515676, 0.064945
0.450686, 5.179133
7.881395, 5.365562
18.780277, 3.987459
29.928821, 3.201910

0.415153, -0.074389
-0.655554, -0.304642
0.356411, -0.935127
-1.516786, -0.016035
0.406994, 5.182703
7.863069, 5.392298
18.775512, 4.009781
29.926872, 3.220033

0.419127, 0.077208
-0.597434, -0.406024
0.448137, -0.895172
-1.513579, -0.096961
0.363274, 5.185904
7.844651, 5.418971
18.770720, 4.032097
29.924912, 3.238155

0.367478, 0.218796
-0.523705, -0.496817
0.535450, -0.846271
-1.506064, -0.177604
0.319528, 5.188735
7.826142, 5.445581
18.765902, 4.054408
29.922941, 3.256276

0.267557, 0.331601
-0.436242, -0.574637
0.617476, -0.788905
-1.494262, -0.257735
0.275760, 5.191197
7.807543, 5.472129
18.761057, 4.076713
29.920959, 3.274396

0.132385, 0.400223
-0.337282, -0.637420
0.693394, -0.723642
-1.478207, -0.337127
0.231972, 5.193288
7.788853, 5.498613
18.756185, 4.099012
29.918967, 3.292515

-0.020290, 0.414127
-0.229376, -0.683481
0.762445, -0.651127
-1.457944, -0.415554
0.188168, 5.195010
7.770074, 5.525034
18.751287, 4.121306
29.916963, 3.310632

-0.169302, 0.369243
-0.115321, -0.711559
0.823935, -0.572081
-1.433529, -0.492794
0.144352, 5.196361
7.751204, 5.551390
18.746363, 4.143594
29.914948, 3.328748

-0.292181, 0.269554
0.001907, -0.720858
0.877248, -0.487291
-1.405032, -0.568627
0.100525, 5.197342
7.732245, 5.577683
18.741411, 4.165875
29.912922, 3.346863

-0.368399, 0.128068
0.119227, -0.711070
0.921849, -0.397601
-1.372534, -0.642839
0.056692, 5.197952
7.713196, 5.603911
18.736434, 4.188151
29.910885, 3.364977

-0.383594, -0.033829
0.233539, -0.682395
0.957289, -0.303907
-1.336126, -0.715217
0.012855, 5.198192
7.694058, 5.630075
18.731429, 4.210421
29.908838, 3.383089

-0.333621, -0.189548
0.341801, -0.635536
0.983213, -0.207142
-1.295911, -0.785558
-0.030982, 5.198062
7.674831, 5.656173
18.726399, 4.232686
29.906779, 3.401200

-0.226502, -0.312807
0.441121, -0.571691
0.999360, -0.108275
-1.252004, -0.853660
-0.074817, 5.197561
7.655515, 5.682206
18.721341, 4.254944
29.904709, 3.419310

-0.080865, -0.383633
0.528830, -0.492521
1.005570, -0.008294
-1.204527, -0.919331
-0.118646, 5.196689
7.636110, 5.708174
18.716257, 4.277196
29.902628, 3.437419

0.078664, -0.392349
0.602564, -0.400109
1.001779, 0.091803
-1.153616, -0.982383
-0.162466, 5.195447
7.616617, 5.734075
18.711147, 4.299442
29.900536, 3.455526

0.226985, -0.340289
0.660332, -0.296907
0.988028, 0.191015
-1.099414, -1.042638
-0.206274, 5.193835
7.597036, 5.759910
18.706010, 4.321682
29.898434, 3.473633

0.342884, -0.237881
0.700572, -0.185666
0.964455, 0.288350
-1.042075, -1.099923
-0.250067, 5.191852
7.577367, 5.785679
18.700847, 4.343916
29.896320, 3.491738

0.411450, -0.101601
0.722200, -0.069362
0.931300, 0.382836
-0.981762, -1.154077
-0.293841, 5.189499
7.557610, 5.811381
18.695657, 4.366143
29.894195, 3.509841

0.424866, 0.048954
0.724639, 0.048891
0.888896, 0.473530
-0.918645, -1.204944
-0.337594, 5.186777
7.537766, 5.837015
18.690440, 4.388365
29.892060, 3.527944

0.382308, 0.193426
0.707835, 0.165928
0.837672, 0.559529
-0.852903, -1.252380
-0.381323, 5.183684
7.517834, 5.862582
18.685198, 4.410580
29.889913, 3.546045

0.289522, 0.312547
0.672262, 0.278620
0.778142, 0.639975
-0.784722, -1.296250
-0.425023, 5.180222
7.497816, 5.888081
18.679928, 4.432789
29.887755, 3.564144

0.158300, 0.389777
0.618900, 0.383968
0.710905, 0.714070
-0.714296, -1.336429
-0.468693, 5.176391
7.477710, 5.913512
18.674633, 4.454992
29.885587, 3.582243

0.005797, 0.413027
0.549208, 0.479181
0.636638, 0.781077
-0.641823, -1.372802
-0.512329, 5.172190
7.457519, 5.938875
18.669310, 4.477189
29.883407, 3.600340

-0.146664, 0.376619
0.465080, 0.561755
0.556083, 0.840334
-0.567511, -1.405265
-0.555929, 5.167621
7.437240, 5.964169
18.663962, 4.499379
29.881216, 3.618436

-0.275787, 0.283247
0.368787, 0.629535
0.470050, 0.891255
-0.491569, -1.433726
-0.599487, 5.162684
7.416876, 5.989394
18.658587, 4.521563
29.879015, 3.636530

-0.359862, 0.145217
0.262910, 0.680776
0.379397, 0.933339
-0.414213, -1.458103
-0.643003, 5.157378
7.396426, 6.014550
18.653185, 4.543740
29.876802, 3.654623

-0.383380, -0.016213
0.150271, 0.714182
0.285032, 0.966175
-0.335662, -1.478326
-0.686472, 5.151705
7.375890, 6.039637
18.647757, 4.565912
29.874579, 3.672715

-0.341297, -0.174271
0.033851, 0.728933
0.187895, 0.989443
-0.256140, -1.494337
-0.729892, 5.145664
7.355269, 6.064653
18.642303, 4.588076
29.872344, 3.690806

-0.240883, -0.302438
-0.083290, 0.724705
0.088953, 1.002918
-0.175872, -1.506091
-0.773259, 5.139257
7.334562, 6.089599
18.636822, 4.610234
29.870098, 3.708895

-0.099945, -0.380397
-0.198090, 0.701668
-0.010808, 1.006476
-0.095086, -1.513552
-0.816571, 5.132483
7.313771, 6.114475
18.631315, 4.632386
29.867842, 3.726983

0.057762, -0.397758
-0.307570, 0.660478
-0.110399, 1.000089
-0.014011, -1.516700
-0.859824, 5.125343
7.292895, 6.139281
18.625781, 4.654531
29.865574, 3.745069

0.207750, -0.354653
-0.408900, 0.602255
-0.208831, 0.983829
0.067122, -1.515525
-0.903015, 5.117837
7.271934, 6.164015
18.620221, 4.676670
29.863296, 3.763154

0.328819, -0.259995
-0.499476, 0.528546
-0.305130, 0.957862
0.148082, -1.510029
-0.946141, 5.109967
7.250890, 6.188678
18.614635, 4.698802
29.861007, 3.781238

0.405335, -0.128822
-0.576978, 0.441289
-0.398343, 0.922455
0.228640, -1.500227
-0.989199, 5.101732
7.229761, 6.213269
18.609022, 4.720927
29.858706, 3.799320

0.428156, 0.020261
-0.639425, 0.342757
-0.487551, 0.877965
0.308567, -1.486148
-1.032185, 5.093133
7.208549, 6.237788
18.603383, 4.743045
29.856395, 3.817401

0.394810, 0.167208
-0.685223, 0.235501
-0.571873, 0.824837
0.387635, -1.467829
-1.075098, 5.084172
7.187253, 6.262236
18.597718, 4.765157
29.854072, 3.835480

0.309419, 0.292307
-0.713202, 0.122291
-0.650478, 0.763603
0.465620, -1.445324
-1.117933, 5.074847
7.165874, 6.286611
18.592026, 4.787262
29.851739, 3.853558

0.182520, 0.377911
-0.722639, 0.006044
-0.722594, 0.694871
0.542300, -1.418694
-1.160688, 5.065161
7.144412, 6.310913
18.586308, 4.809361
29.849395, 3.871635

0.030639, 0.410411
-0.713283, -0.110245
-0.787511, 0.619325
0.617456, -1.388017
-1.203360, 5.055113
7.122867, 6.335142
18.580563, 4.831452
29.847039, 3.889710

-0.124779, 0.382547
-0.685355, -0.223576
-0.844591, 0.537714
0.690875, -1.353377
-1.245945, 5.044705
7.101240, 6.359298
18.574793, 4.853537
29.844673, 3.907784

-0.259672, 0.295758
-0.639549, -0.331017
-0.893275, 0.450845
0.762347, -1.314874
-1.288441, 5.033937
7.079530, 6.383380
18.568996, 4.875615
29.842296, 3.925857

-0.351246, 0.161655
-0.577014, -0.429774
-0.933084, 0.359576
0.831671, -1.272616
-1.330844, 5.022811
7.057739, 6.407388
18.563172, 4.897686
29.839908, 3.943928

-0.382960, 0.001311
-0.499333, -0.517265
-0.963628, 0.264810
0.898647, -1.226723
-1.373152, 5.011326
7.035865, 6.431323
18.557322, 4.919750
29.837509, 3.961997

-0.348936, -0.158468
-0.408484, -0.591183
-0.984607, 0.167481
0.963086, -1.177325
-1.415361, 4.999483
7.013911, 6.455183
18.551447, 4.941808
29.835099, 3.980065

-0.255645, -0.291080
-0.306798, -0.649561
-0.995816, 0.068549
1.024804, -1.124563
-1.457469, 4.987284
6.991875, 6.478968
18.545544, 4.963858
29.832678, 3.998132

-0.119945, -0.375943
-0.196900, -0.690821
-0.997143, -0.031011
1.083625, -1.068587
-1.499472, 4.974729
6.969758, 6.502678
18.539616, 4.985901
29.830245, 4.016197

0.035405, -0.401949
-0.081645, -0.713823
-0.988575, -0.130218
1.139382, -1.009554
-1.541367, 4.961819
6.947560, 6.526313
18.533661, 5.007937
29.827802, 4.034261

0.186600, -0.367972
0.035949, -0.717902
-0.970195, -0.228093
1.191916, -0.947634
-1.583152, 4.948556
6.925282, 6.549872
18.527680, 5.029966
29.825349, 4.052323

0.312487, -0.281362
0.152786, -0.702888
-0.942182, -0.323671
1.241078, -0.883002
-1.624823, 4.934939
6.902924, 6.573356
18.521673, 5.051988
29.822884, 4.070383

0.396737, -0.155680
0.265769, -0.669119
-0.904808, -0.416008
1.286727, -0.815841
-1.666377, 4.920971
6.880485, 6.596763
18.515639, 5.074003
29.820408, 4.088443

0.428898, -0.008493
0.371886, -0.617437
-0.858440, -0.504193
1.328734, -0.746343
-1.707812, 4.906651
6.857967, 6.620095
18.509579, 5.096010
29.817921, 4.106500

0.404857, 0.140510
0.468296, -0.549173
-0.803529, -0.587353
1.366978, -0.674705
-1.749125, 4.891982
6.835370, 6.643349
18.503493, 5.118011
29.815423, 4.124557

0.327102, 0.271224
0.552405, -0.466111
-0.740615, -0.664664
1.401352, -0.601131
-1.790312, 4.876963
6.812693, 6.666527
18.497381, 5.140004
29.812914, 4.142611

0.204888, 0.364938
0.621944, -0.370446
-0.670314, -0.735361
1.431756, -0.525830
-1.831370, 4.861597
6.789938, 6.689627
18.491243, 5.161990
29.810395, 4.160664

0.054086, 0.406554
0.675035, -0.264721
-0.593316, -0.798739
1.458105, -0.449016
-1.872298, 4.845883
6.767103, 6.712650
18.485078, 5.183968
29.807864, 4.178716

-0.103773, 0.387270
0.710245, -0.151761
-0.510377, -0.854168
1.480324, -0.370909
-1.913090, 4.829824
6.744191, 6.735596
18.478887, 5.205940
29.805322, 4.196766

-0.243928, 0.307313
0.726629, -0.034588
-0.422314, -0.901093
1.498349, -0.291729
-1.953746, 4.813421
6.721200, 6.758463
18.472671, 5.227904
29.802770, 4.214815

-0.342614, 0.177610
0.723755, 0.083659
-0.329994, -0.939043
1.512129, -0.211703
-1.994262, 4.796674
6.698131, 6.781252
18.466427, 5.249860
29.800206, 4.232862

-0.382383, 0.018973
0.701720, 0.199815
-0.234329, -0.967636
1.521625, -0.131058
-2.034634, 4.779585
6.674985, 6.803963
18.460158, 5.271809
29.797632, 4.250907

-0.356574, -0.141910
0.661139, 0.310782
-0.136264, -0.986581
1.526811, -0.050024
-2.074861, 4.762155
6.651762, 6.826595
18.453863, 5.293751
29.795046, 4.268951

-0.270800, -0.278506
0.603131, 0.413611
-0.036769, -0.995682
1.527671, 0.031169
-2.114939, 4.744385
6.628461, 6.849148
18.447541, 5.315685
29.792450, 4.286994

-0.140842, -0.370034
0.529279, 0.505584
0.063169, -0.994840
1.524203, 0.112290
-2.154865, 4.726277
6.605083, 6.871621
18.441193, 5.337612
29.789842, 4.305035

0.011641, -0.404651
0.441589, 0.584291
0.162557, -0.984057
1.516417, 0.193108
-2.194636, 4.707831
6.581630, 6.894015
18.434819, 5.359531
29.787224, 4.323074

0.163591, -0.379935
0.342420, 0.647688
0.260409, -0.963430
1.504337, 0.273393
-2.234250, 4.689050
6.558099, 6.916329
18.428419, 5.381443
29.784595, 4.341111

0.293937, -0.301638
0.234427, 0.694152
0.355749, -0.933159
1.487995, 0.352917
-2.273704, 4.669934
6.534493, 6.938563
18.421993, 5.403347
29.781955, 4.359147

0.385684, -0.181807
0.120480, 0.722516
0.447626, -0.893536
1.467440, 0.431453
-2.312995, 4.650485
6.510811, 6.960717
18.415541, 5.425243
29.779304, 4.377182

0.427094, -0.036933
0.003586, 0.732097
0.535125, -0.844950
1.442730, 0.508779
-2.352120, 4.630704
6.487054, 6.982790
18.409063, 5.447132
29.776641, 4.395215

0.412422, 0.113704
-0.113189, 0.722706
0.617370, -0.787880
1.413935, 0.584673
-2.391077, 4.610592
6.463221, 7.004783
18.402559, 5.469013
29.773968, 4.413246

0.342519, 0.249650
-0.226802, 0.694647
0.693537, -0.722887
1.381139, 0.658921
-2.429862, 4.590152
6.439314, 7.026694
18.396028, 5.490886
29.771284, 4.431276

0.225339, 0.351174
-0.334309, 0.648703
0.762864, -0.650618
1.344434, 0.731312
-2.468472, 4.569384
6.415332, 7.048523
18.389472, 5.512751
29.768590, 4.449304

0.076079, 0.401731
-0.432939, 0.586113
0.824657, -0.571788
1.303925, 0.801638
-2.506906, 4.548290
6.391275, 7.070272
18.382889, 5.534609
29.765884, 4.467330

-0.083681, 0.391031
-0.520158, 0.508531
0.878294, -0.487182
1.259728, 0.869702
-2.545160, 4.526872
6.367145, 7.091938
18.376280, 5.556459
29.763167, 4.485355

-0.228558, 0.318141
-0.593735, 0.417990
0.923238, -0.397643
1.211970, 0.935309
-2.583232, 4.505130
6.342940, 7.113522
18.369646, 5.578301
29.760439, 4.503378

-0.333944, 0.193313
-0.651790, 0.316841
0.959036, -0.304064
1.160786, 0.998272
-2.621118, 4.483067
6.318663, 7.135024
18.362985, 5.600135
29.757701, 4.521399

-0.381610, 0.037007
-0.692838, 0.207700
0.985331, -0.207379
1.106322, 1.058414
-2.658816, 4.460685
6.294311, 7.156443
18.356299, 5.621961
29.754951, 4.539419

-0.364157, -0.124368
-0.715826, 0.093383
1.001857, -0.108554
1.048734, 1.115563
-2.696324, 4.437984
6.269887, 7.177779
18.349586, 5.643779
29.752190, 4.557437

-0.286263, -0.264485
-0.720159, -0.023166
1.008449, -0.008575
0.988187, 1.169558
-2.733638, 4.414966
6.245391, 7.199032
18.342847, 5.665589
29.749419, 4.575454

-0.162521, -0.362420
-0.705708, -0.138944
1.005043, 0.091557
0.924851, 1.220244
-2.770756, 4.391633
6.220822, 7.220201
18.336082, 5.687392
29.746636, 4.593468

-0.013395, -0.405581
-0.672823, -0.250958
0.991672, 0.190842
0.858909, 1.267479
-2.807676, 4.367987
6.196181, 7.241287
18.329292, 5.709186
29.743843, 4.611482

0.138861, -0.390222
-0.622323, -0.356306
0.968473, 0.288289
0.790548, 1.311128
-2.844394, 4.344029
6.171468, 7.262289
18.322475, 5.730972
29.741039, 4.629493

0.273293, -0.320472
-0.555476, -0.452243
0.935681, 0.382924
0.719963, 1.351067
-2.880908, 4.319761
6.146683, 7.283207
18.315633, 5.752750
29.738224, 4.647503

0.372276, -0.206834
-0.473976, -0.536253
0.893626, 0.473803
0.647355, 1.387185
-2.917216, 4.295185
6.121827, 7.304041
18.308764, 5.774520
29.735397, 4.665511

0.422817, -0.064682
-0.379906, -0.606112
0.842732, 0.560021
0.572930, 1.419378
-2.953315, 4.270302
6.096900, 7.324790
18.301870, 5.796282
29.732560, 4.683517

0.417552, 0.087158
-0.275682, -0.659951
0.783511, 0.640720
0.496901, 1.447555
-2.989201, 4.245115
6.071903, 7.345454
18.294949, 5.818035
29.729712, 4.701522

0.355689, 0.227934
-0.164001, -0.696308
0.716559, 0.715096
0.419483, 1.471637
-3.024874, 4.219625
6.046835, 7.366033
18.288003, 5.839781
29.726853, 4.719524

0.243877, 0.336935
-0.047776, -0.714167
0.642549, 0.782414
0.340899, 1.491556
-3.060329, 4.193833
6.021697, 7.386526
18.281031, 5.861518
29.723984, 4.737526

0.096623, 0.396220
0.069946, -0.712995
0.562222, 0.842005
0.261370, 1.507256
-3.095565, 4.167743
5.996490, 7.406934
18.274032, 5.883246
29.721103, 4.755525

-0.064479, 0.394075
0.186055, -0.692764
0.476383, 0.893283
0.181123, 1.518693
-3.130579, 4.141354
5.971212, 7.427256
18.267008, 5.904967
29.718211, 4.773523

-0.213512, 0.328475
0.297467, -0.653951
0.385892, 0.935743
0.100387, 1.525836
-3.165369, 4.114671
5.945866, 7.447492
18.259958, 5.926679
29.715309, 4.791519

-0.325167, 0.208995
0.401206, -0.597537
0.291651, 0.968969
0.019391, 1.528663
-3.199931, 4.087694
5.920450, 7.467642
18.252883, 5.948383
29.712395, 4.809513

-0.380565, 0.055637
0.494490, -0.524984
0.194600, 0.992638
-0.061635, 1.527168
-3.234265, 4.060425
5.894966, 7.487705
18.245781, 5.970078
29.709470, 4.827505

-0.371587, -0.105630
0.574807, -0.438197
0.095708, 1.006524
-0.142460, 1.521357
-3.268366, 4.032866
5.869414, 7.507682
18.238653, 5.991765
29.706535, 4.845496

-0.301904, -0.248809
0.639990, -0.339476
-0.004044, 1.010495
-0.222854, 1.511245
-3.302233, 4.005019
5.843793, 7.527571
18.231500, 6.013443
29.703589, 4.863485

-0.184814, -0.352875
0.688279, -0.231450
-0.103665, 1.004521
-0.302589, 1.496862
-3.335862, 3.976887
5.818105, 7.547373
18.224321, 6.035113
29.700632, 4.881472

-0.039508, -0.404482
0.718375, -0.117009
-0.202166, 0.988669
-0.381439, 1.478250
-3.369253, 3.948471
5.792349, 7.567088
18.217116, 6.056774
29.697663, 4.899457

0.112609, -0.398542
0.729473, 0.000782
-0.298573, 0.963103
-0.459179, 1.455462
-3.402402, 3.919773
5.766527, 7.586715
18.209885, 6.078427
29.694684, 4.917440

0.250746, -0.337541
0.721290, 0.118771
-0.391932, 0.928085
-0.535589, 1.428563
-3.435307, 3.890796
5.740637, 7.606254
18.202628, 6.100071
29.691694, 4.935422

0.356687, -0.230418
0.694068, 0.233802
-0.481321, 0.883968
-0.610452, 1.397631
-3.467966, 3.861540
5.714680, 7.625705
18.195346, 6.121707
29.688694, 4.953402

0.416213, -0.091390
0.648566, 0.342812
-0.565859, 0.831194
-0.683554, 1.362754
-3.500376, 3.832009
5.688658, 7.645067
18.188038, 6.143334
29.685682, 4.971380

0.420360, 0.061216
0.586035, 0.442910
-0.644714, 0.770291
-0.754689, 1.324031
-3.532535, 3.802205
5.662569, 7.664341
18.180703, 6.164952
29.682659, 4.989356

0.366701, 0.206395
0.508181, 0.531459
-0.717108, 0.701866
-0.823655, 1.281574
-3.564441, 3.772130
5.636415, 7.683526
18.173344, 6.186562
29.679625, 5.007331

0.260577, 0.322501
0.417109, 0.606148
-0.782331, 0.626598
-0.890256, 1.235502
-3.596091, 3.741785
5.610195, 7.702622
18.165958, 6.208162
29.676581, 5.025303

0.115799, 0.390259
0.315268, 0.665044
-0.839743, 0.545233
-0.954302, 1.185947
-3.627483, 3.711173
5.583911, 7.721628
18.158547, 6.229754
29.673525, 5.043274

-0.046062, 0.396615
0.205376, 0.706650
-0.888779, 0.458578
-1.015613, 1.133051
-3.658614, 3.680296
5.557561, 7.740545
18.151110, 6.251338
29.670459, 5.061243

-0.198663, 0.338516
0.090344, 0.729930
-0.928958, 0.367488
-1.074014, 1.076964
-3.689484, 3.649157
5.531148, 7.759372
18.143647, 6.272912
29.667382, 5.079210

-0.316148, 0.224852
-0.026798, 0.734336
-0.959886, 0.272864
-1.129340, 1.017846
-3.720089, 3.617758
5.504669, 7.778110
18.136159, 6.294477
29.664294, 5.097175

-0.379099, 0.075047
-0.142987, 0.719813
-0.981261, 0.175639
-1.181433, 0.955865
-3.750427, 3.586100
5.478128, 7.796757
18.128645, 6.316034
29.661195, 5.115138

-0.378693, -0.085526
-0.255202, 0.686797
-0.992871, 0.076772
-1.230146, 0.891197
-3.780496, 3.554186
5.451522, 7.815313
18.121105, 6.337582
29.658085, 5.133100

-0.317514, -0.231309
-0.360542, 0.636197
-0.994603, -0.022762
-1.275341, 0.824026
-3.810293, 3.522019
5.424853, 7.833779
18.113539, 6.359120
29.654964, 5.151059

-0.207479, -0.341212
-0.456294, 0.569364
-0.986439, -0.121982
-1.316890, 0.754543
-3.839818, 3.489601
5.398122, 7.852154
18.105948, 6.380650
29.651832, 5.169017

-0.066439, -0.401136
-0.540002, 0.488060
-0.968458, -0.219909
-1.354674, 0.682946
-3.869067, 3.456933
5.371328, 7.870439
18.098331, 6.402171
29.648689, 5.186973

0.085099, -0.404642
-0.609526, 0.394406
-0.940834, -0.315577
-1.388587, 0.609438
-3.898038, 3.424019
5.344471, 7.888631
18.090689, 6.423682
29.645536, 5.204927

0.226550, -0.352568
-0.663087, 0.290829
-0.903838, -0.408041
-1.418533, 0.534228
-3.926730, 3.390860
5.317553, 7.906733
18.083021, 6.445185
29.642371, 5.222879

0.339147, -0.252262
-0.699314, 0.180006
-0.857831, -0.496389
-1.444426, 0.457529
-3.955140, 3.357460
5.290572, 7.924742
18.075327, 6.466678
29.639196, 5.240829

0.407485, -0.116754
-0.717274, 0.064792
-0.803263, -0.579745
-1.466194, 0.379560
-3.983266, 3.323820
5.263531, 7.942660
18.067607, 6.488162
29.636010, 5.258777

0.421020, 0.036175
-0.716493, -0.051844
-0.740668, -0.657286
-1.483774, 0.300542
-4.011107, 3.289943
5.236428, 7.960485
18.059862, 6.509637
29.632813, 5.276723

0.375699, 0.185306
-0.696974, -0.166894
-0.670660, -0.728240
-1.497117, 0.220700
-4.038660, 3.255831
5.209265, 7.978219
18.052092, 6.531103
29.629604, 5.294667

0.275565, 0.308112
-0.659191, -0.277382
-0.593926, -0.791903
-1.506184, 0.140259
-4.065923, 3.221487
5.182041, 7.995859
18.044296, 6.552560
29.626386, 5.312609

0.133735, 0.384052
-0.604086, -0.380437
-0.511220, -0.847640
-1.510951, 0.059449
-4.092895, 3.186914
5.154757, 8.013407
18.036474, 6.574007
29.623156, 5.330550

-0.028290, 0.398827
-0.533048, -0.473368
-0.423356, -0.894894
-1.511403, -0.021502
-4.119572, 3.152112
5.127413, 8.030862
18.028627, 6.595445
29.619915, 5.348488

-0.183857, 0.348429
-0.447881, -0.553728
-0.331201, -0.933190
-1.507540, -0.102362
-4.145954, 3.117086
5.100010, 8.048224
18.020754, 6.616874
29.616663, 5.366425

-0.306723, 0.241035
-0.350765, -0.619384
-0.235663, -0.962142
-1.499371, -0.182904
-4.172039, 3.081838
5.072548, 8.065492
18.012855, 6.638293
29.613401, 5.384359

-0.377040, 0.095367
-0.244202, -0.668569
-0.137687, -0.981455
-1.486921, -0.262897
-4.197825, 3.046370
5.045026, 8.082667
18.004931, 6.659703
29.610128, 5.402292

-0.385271, -0.063946
-0.130959, -0.699938
-0.038243, -0.990930
-1.470224, -0.342115
-4.223309, 3.010684
5.017446, 8.099748
17.996982, 6.681104
29.606843, 5.420222

-0.332851, -0.211877
-0.013994, -0.712606
0.061684, -0.990464
-1.449327, -0.420333
-4.248490, 2.974784
4.989808, 8.116735
17.989007, 6.702495
29.603548, 5.438151

-0.230235, -0.327306
0.103616, -0.706174
0.161101, -0.980054
-1.424290, -0.497329
-4.273366, 2.938672
4.962112, 8.133627
17.981007, 6.723877
29.600242, 5.456077

-0.093883, -0.395388
0.218756, -0.680755
0.259019, -0.959794
-1.395183, -0.572884
-4.297936, 2.902350
4.934359, 8.150426
17.972981, 6.745249
29.596925, 5.474002

0.056641, -0.408337
0.328362, -0.636969
0.354465, -0.929879
-1.362089, -0.646784
-4.322197, 2.865821
4.906548, 8.167130
17.964929, 6.766611
29.593598, 5.491925

0.201003, -0.365338
0.429501, -0.575933
0.446485, -0.890599
-1.325102, -0.718818
-4.346148, 2.829088
4.878680, 8.183739
17.956852, 6.787964
29.590259, 5.509845

0.319936, -0.272135
0.519457, -0.499238
0.534161, -0.842338
-1.284326, -0.788783
-4.369788, 2.792153
4.850756, 8.200253
17.948750, 6.809308
29.586909, 5.527764

0.396883, -0.140536
0.595806, -0.408907
0.616616, -0.785571
-1.239876, -0.856478
-4.393113, 2.755019
4.822775, 8.216672
17.940622, 6.830641
29.583549, 5.545680

0.419746, 0.012261
0.656489, -0.307338
0.693025, -0.720857
-1.191878, -0.921712
-4.416124, 2.717688
4.794739, 8.232995
17.932469, 6.851966
29.580178, 5.563595

0.382868, 0.164869
0.699871, -0.197243
0.762623, -0.648839
-1.140469, -0.984300
-4.438817, 2.680164
4.766647, 8.249223
17.924290, 6.873280
29.576795, 5.581507

0.289014, 0.293929
0.724787, -0.081568
0.824711, -0.570231
-1.085793, -1.044063
-4.461192, 2.642449
4.738499, 8.265355
17.916086, 6.894585
29.573402, 5.599417

0.150610, 0.377724
0.730579, 0.036589
0.878666, -0.485814
-1.028006, -1.100831
-4.483247, 2.604545
4.710296, 8.281392
17.907857, 6.915880
29.569999, 5.617326

-0.010965, 0.400816
0.717109, 0.154067
0.923946, -0.396430
-0.967272, -1.154442
-4.504980, 2.566456
4.682039, 8.297332
17.899602, 6.937165
29.566584, 5.635232

-0.168884, 0.358309
0.684766, 0.267731
0.960096, -0.302969
-0.903761, -1.204745
-4.526390, 2.528183
4.653728, 8.313175
17.891322, 6.958440
29.563158, 5.653136

-0.296680, 0.257626
0.634448, 0.374557
0.986753, -0.206365
-0.837656, -1.251596
-4.547475, 2.489731
4.625362, 8.328923
17.883016, 6.979706
29.559722, 5.671038

-0.374158, 0.116658
0.567536, 0.471723
1.003649, -0.107582
-0.769141, -1.294861
-4.568233, 2.451101
4.596943, 8.344573
17.874685, 7.000961
29.556274, 5.688938

-0.391064, -0.040849
0.485849, 0.556676
1.010616, -0.007608
-0.698413, -1.334416
-4.588664, 2.412297
4.568470, 8.360127
17.866329, 7.022207
29.552816, 5.706836

-0.347615, -0.190476
0.391593, 0.627206
1.007582, 0.092559
-0.625671, -1.370150
-4.608765, 2.373320
4.539944, 8.375584
17.857948, 7.043443
29.549347, 5.724732

-0.252747, -0.311104
0.287293, 0.681499
0.994581, 0.191917
-0.551122, -1.401960
-4.628535, 2.334175
4.511366, 8.390943
17.849541, 7.064668
29.545867, 5.742626

-0.121484, -0.387158
0.175725, 0.718182
0.971744, 0.289475
-0.474977, -1.429754
-4.647974, 2.294863
4.482735, 8.406205
17.841109, 7.085884
29.542376, 5.760518

0.027598, -0.409519
0.059838, 0.736351
0.939301, 0.384257
-0.397452, -1.453454
-4.667078, 2.255388
4.454052, 8.421370
17.832651, 7.107090
29.538874, 5.778407

0.174463, -0.375718
-0.057327, 0.735594
0.897581, 0.475319
-0.318767, -1.472991
-4.685848, 2.215752
4.425318, 8.436436
17.824168, 7.128286
29.535362, 5.796295

0.299390, -0.289882
-0.172712, 0.715987
0.847003, 0.561753
-0.239146, -1.488309
-4.704281, 2.175958
4.396532, 8.451405
17.815660, 7.149471
29.531838, 5.814180

0.384714, -0.162567
-0.283325, 0.678096
0.788077, 0.642699
-0.158814, -1.499365
-4.722377, 2.136010
4.367695, 8.466275
17.807127, 7.170647
29.528304, 5.832063

0.416809, -0.010356
-0.386310, 0.622950
0.721395, 0.717352
-0.077999, -1.506125
-4.740133, 2.095909
4.338808, 8.481047
17.798569, 7.191812
29.524759, 5.849944

0.388444, 0.145232
-0.479020, 0.552013
0.647628, 0.784972
0.003068, -1.508569
-4.757549, 2.055659
4.309870, 8.495721
17.789985, 7.212968
29.521203, 5.867823

0.301139, 0.280071
-0.559078, 0.467147
0.567514, 0.844890
0.084158, -1.506692
-4.774624, 2.015263
4.280882, 8.510296
17.781376, 7.234113
29.517636, 5.885700

0.166636, 0.371362
-0.624436, 0.370558
0.481857, 0.896515
0.165040, -1.500495
-4.791356, 1.974723
4.251844, 8.524772
17.772742, 7.255247
29.514059, 5.903575

0.006130, 0.402649
-0.673420, 0.264748
0.391513, 0.939340
0.245484, -1.489998
-4.807744, 1.934043
4.222757, 8.539149
17.764082, 7.276372
29.510470, 5.921447

-0.153527, 0.368206
-0.704774, 0.152444
0.297385, 0.972945
0.325262, -1.475228
-4.823787, 1.893226
4.193621, 8.553427
17.755398, 7.297486
29.506871, 5.939317

-0.285793, 0.274653
-0.717683, 0.036542
0.200411, 0.997004
0.404147, -1.456228
-4.839484, 1.852273
4.164436, 8.567606
17.746688, 7.318590
29.503261, 5.957186

-0.370210, 0.138918
-0.711800, -0.079972
0.101558, 1.011286
0.481914, -1.433049
-4.854833, 1.811189
4.135203, 8.581685
17.737953, 7.339684
29.499639, 5.975051

-0.395791, -0.016252
-0.687254, -0.194088
0.001807, 1.015658
0.558343, -1.405758
-4.869833, 1.769976
4.105922, 8.595664
17.729193, 7.360767
29.496008, 5.992915

-0.361485, -0.167119
-0.644647, -0.302849
-0.097850, 1.010083
0.633215, -1.374432
-4.884484, 1.728638
4.076593, 8.609544
17.720408, 7.381839
29.492365, 6.010777

-0.274663, -0.292599
-0.585043, -0.403423
-0.196425, 0.994627
0.706318, -1.339159
-4.898784, 1.687176
4.047217, 8.623323
17.711598, 7.402902
29.488711, 6.028636

-0.148872, -0.376410
-0.509948, -0.493175
-0.292944, 0.969450
0.777443, -1.300038
-4.912733, 1.645594
4.017794, 8.637003
17.702762, 7.423954
29.485047, 6.046493

-0.001659, -0.408118
-0.421275, -0.569735
-0.386451, 0.934809
0.846389, -1.257181
-4.926328, 1.603896
3.988324, 8.650582
17.693902, 7.444995
29.481371, 6.064348

0.147290, -0.383611
-0.321298, -0.631061
-0.476024, 0.891054
0.912958, -1.210708
-4.939570, 1.562084
3.958808, 8.664060
17.685016, 7.466026
29.477685, 6.082201

0.277849, -0.305385
-0.212603, -0.675494
-0.560779, 0.838625
0.976962, -1.160751
-4.952458, 1.520160
3.929246, 8.677438
17.676105, 7.487046
29.473988, 6.100051

0.371283, -0.182722
-0.098018, -0.701811
-0.639883, 0.778044
1.038217, -1.107453
-4.964989, 1.478129
3.899638, 8.690715
17.667170, 7.508055
29.470281, 6.117899

0.412477, -0.031558
0.019453, -0.709256
-0.712557, 0.709917
1.096549, -1.050963
-4.977164, 1.435993
3.869985, 8.703891
17.658209, 7.529054
29.466562, 6.135745

0.392663, 0.126491
0.136712, -0.697571
-0.778087, 0.634919
1.151793, -0.991443
-4.988982, 1.393755
3.840287, 8.716966
17.649223, 7.550043
29.462833, 6.153589

0.312161, 0.266597
0.250648, -0.667010
-0.835829, 0.553795
1.203790, -0.929061
-5.000442, 1.351418
3.810544, 8.729939
17.640212, 7.571020
29.459092, 6.171431

0.182037, 0.364998
0.358219, -0.618333
-0.885218, 0.467347
1.252393, -0.863994
-5.011542, 1.308986
3.780758, 8.742812
17.631176, 7.591987
29.455341, 6.189270

0.023222, 0.404342
0.456545, -0.552793
-0.925768, 0.376430
1.297462, -0.796428
-5.022283, 1.266460
3.750927, 8.755582
17.622115, 7.612944
29.451579, 6.207107

-0.137559, 0.378123
0.542980, -0.472110
-0.957082, 0.281943
1.338870, -0.726553
-5.032662, 1.223845
3.721053, 8.768251
17.613030, 7.633889
29.447806, 6.224941

-0.273838, 0.292092
0.615197, -0.378416
-0.978853, 0.184817
1.376497, -0.654570
-5.042681, 1.181143
3.691135, 8.780818
17.603919, 7.654824
29.444023, 6.242774

-0.364957, 0.162092
0.671248, -0.274207
-0.990867, 0.086011
1.410238, -0.580682
-5.052337, 1.138358
3.661175, 8.793283
17.594783, 7.675747
29.440228, 6.260604

-0.399181, 0.009765
0.709625, -0.162268
-0.993007, -0.013501
1.439996, -0.505100
-5.061631, 1.095492
3.631172, 8.805645
17.585622, 7.696660
29.436423, 6.278432

-0.374153, -0.141892
0.729304, -0.045596
-0.985250, -0.112738
1.465685, -0.428037
-5.070561, 1.052549
3.601127, 8.817905
17.576437, 7.717562
29.432607, 6.296257

-0.295642, -0.271866
0.729771, 0.072685
-0.967671, -0.210721
1.487233, -0.349715
-5.079126, 1.009531
3.571040, 8.830063
17.567226, 7.738453
29.428780, 6.314080

-0.175683, -0.363199
0.711036, 0.189413
-0.940442, -0.306483
1.504578, -0.270355
-5.087327, 0.966442
3.540912, 8.842118
17.557991, 7.759334
29.424943, 6.331901

-0.030756, -0.404166
0.673633, 0.301476
-0.903828, -0.399080
1.517671, -0.190183
-5.095163, 0.923285
3.510742, 8.854071
17.548730, 7.780203
29.421094, 6.349720

0.119852, -0.389020
0.618595, 0.405903
-0.858188, -0.487595
1.526475, -0.109427
-5.102633, 0.880063
3.480532, 8.865920
17.539445, 7.801061
29.417235, 6.367536

0.255661, -0.318620
0.547431, 0.499939
-0.803967, -0.571154
1.530964, -0.028317
-5.109736, 0.836779
3.450282, 8.877666
17.530135, 7.821908
29.413365, 6.385350

0.356905, -0.200960
0.462071, 0.581124
-0.741696, -0.648928
1.531125, 0.052917
-5.116472, 0.793436
3.419991, 8.889309
17.520800, 7.842744
29.409484, 6.403161

0.407024, -0.051309
0.364812, 0.647353
-0.671987, -0.720146
1.526959, 0.134042
-5.122841, 0.750037
3.389660, 8.900849
17.511440, 7.863569
29.405592, 6.420971

0.395765, 0.108658
0.258255, 0.696934
-0.595523, -0.784099
1.518476, 0.214829
-5.128841, 0.706585
3.359291, 8.912285
17.502055, 7.884383
29.401689, 6.438778

0.322303, 0.253491
0.145226, 0.728618
-0.513056, -0.840151
1.505703, 0.295048
-5.134474, 0.663084
3.328882, 8.923618
17.492646, 7.905186
29.397776, 6.456582

0.197035, 0.358590
0.028704, 0.741638
-0.425398, -0.887739
1.488674, 0.374469
-5.139737, 0.619537
3.298434, 8.934847
17.483211, 7.925977
29.393852, 6.474384

0.040535, 0.405836
-0.088260, 0.735713
-0.333413, -0.926387
1.467438, 0.452869
-5.144631, 0.575946
3.267949, 8.945972
17.473752, 7.946757
29.389917, 6.492184

-0.120760, 0.387982
-0.202622, 0.711055
-0.238008, -0.955705
1.442058, 0.530022
-5.149156, 0.532315
3.237425, 8.956993
17.464268, 7.967526
29.385971, 6.509981

-0.260593, 0.309835
-0.311422, 0.668354
-0.140127, -0.975393
1.412603, 0.605711
-5.153311, 0.488647
3.206863, 8.967910
17.454760, 7.988284
29.382014, 6.527776

-0.358156, 0.186041
-0.411856, 0.608760
-0.040739, -0.985249
1.379160, 0.679720
-5.157096, 0.444945
3.176265, 8.978722
17.445226, 8.009030
29.378047, 6.545569

-0.400956, 0.037043
-0.501345, 0.533848
0.059170, -0.985166
1.341823, 0.751838
-5.160510, 0.401213
3.145629, 8.989430
17.435668, 8.029765
29.374069, 6.563359

-0.385302, -0.114955
-0.577598, 0.445574
0.158609, -0.975137
1.300699, 0.821860
-5.163553, 0.357453
3.114957, 9.000034
17.426085, 8.050489
29.370079, 6.581147

-0.315335, -0.249051
-0.638661, 0.346228
0.256588, -0.955252
1.255905, 0.889588
-5.166226, 0.313668
3.084249, 9.010533
17.416478, 8.071202
29.366080, 6.598932

-0.201551, -0.347648
-0.682970, 0.238379
0.352131, -0.925703
1.207570, 0.954829
-5.168527, 0.269862
3.053505, 9.020927
17.406845, 8.091902
29.362069, 6.616715

-0.059321, -0.397757
-0.709383, 0.124805
0.444287, -0.886775
1.155830, 1.017398
-5.170457, 0.226038
3.022726, 9.031216
17.397189, 8.112592
29.358048, 6.634496

0.092516, -0.392012
-0.717209, 0.008432
0.532133, -0.838849
1.100834, 1.077117
-5.172016, 0.182199
2.991911, 9.041400
17.387507, 8.133270
29.354015, 6.652274

0.233171, -0.329631
-0.706227, -0.107737
0.614791, -0.782396
1.042738, 1.133817
-5.173203, 0.138348
2.961062, 9.051479
17.377801, 8.153936
29.349972, 6.670050

0.341891, -0.217310
-0.676693, -0.220699
0.691435, -0.717973
0.981708, 1.187336
-5.174019, 0.094488
2.930178, 9.061453
17.368070, 8.174591
29.345919, 6.687823

0.400720, -0.069639
-0.629335, -0.327521
0.761295, -0.646219
0.917919, 1.237524
-5.174462, 0.050623
2.899260, 9.071321
17.358314, 8.195235
29.341854, 6.705594

0.397991, 0.091683
-0.565340, -0.425415
0.823670, -0.567845
0.851551, 1.284237
-5.174534, 0.006755
2.868309, 9.081084
17.348534, 8.215866
29.337779, 6.723362

0.331795, 0.240673
-0.486328, -0.511809
0.877935, -0.483631
0.782794, 1.327344
-5.174235, -0.037112
2.837324, 9.090741
17.338729, 8.236486
29.333693, 6.741128

0.211857, 0.352043
-0.394317, -0.584413
0.923544, -0.394416
0.711843, 1.366723
-5.173563, -0.080975
2.806306, 9.100292
17.328900, 8.257095
29.329596, 6.758891

0.058291, 0.407026
-0.291675, -0.641281
0.960039, -0.301088
0.638902, 1.402261
-5.172520, -0.124831
2.775256, 9.109738
17.319046, 8.277692
29.325488, 6.776652

-0.102920, 0.397657
-0.181061, -0.680869
0.987053, -0.204581
0.564177, 1.433860
-5.171105, -0.168677
2.744173, 9.119077
17.309167, 8.298277
29.321369, 6.794410

-0.245850, 0.327723
-0.065363, -0.702074
1.004315, -0.105857
0.487882, 1.461429
-5.169318, -0.212509
2.713059, 9.128311
17.299264, 8.318850
29.317240, 6.812166

-0.349582, 0.210568
0.052377, -0.704277
1.011651, -0.005902
0.410232, 1.484890
-5.167161, -0.256325
2.681913, 9.137438
17.289336, 8.339411
29.313100, 6.829920

-0.400860, 0.065362
0.169047, -0.687359
1.008988, 0.094283
0.331451, 1.504179
-5.164631, -0.300122
2.650736, 9.146459
17.279384, 8.359961
29.308949, 6.847671

-0.394640, -0.086536
0.281543, -0.651716
0.996354, 0.193699
0.251760, 1.519240
-5.161731, -0.343895
2.619528, 9.155373
17.269408, 8.380499
29.304788, 6.865419

-0.333420, -0.224377
0.386858, -0.598247
0.973876, 0.291352
0.171388, 1.530032
-5.158460, -0.387643
2.588289, 9.164181
17.259406, 8.401025
29.300615, 6.883165

-0.226133, -0.329960
0.482165, -0.528341
0.941783, 0.386267
0.090563, 1.536525
-5.154818, -0.431362
2.557021, 9.172882
17.249381, 8.421539
29.296432, 6.900909

-0.087001, -0.389068
0.564901, -0.443837
0.900397, 0.477497
0.009514, 1.538700
-5.150806, -0.475048
2.525723, 9.181476
17.239331, 8.442041
29.292238, 6.918649

0.065628, -0.392731
0.632835, -0.346978
0.850136, 0.564134
-0.071528, 1.536553
-5.146424, -0.518700
2.494396, 9.189964
17.229256, 8.462532
29.288033, 6.936388

0.210700, -0.338535
0.684139, -0.240349
0.791506, 0.645315
-0.152333, 1.530091
-5.141672, -0.562312
2.463039, 9.198345
17.219157, 8.483010
29.283818, 6.954123

0.326525, -0.231875
0.717435, -0.126802
0.725096, 0.720233
-0.232671, 1.519332
-5.136550, -0.605883
2.431654, 9.206618
17.209034, 8.503476
29.279592, 6.971857

0.393811, -0.086658
0.731840, -0.009379
0.651572, 0.788146
-0.312315, 1.504307
-5.131060, -0.649410
2.400241, 9.214785
17.198886, 8.523930
29.275355, 6.989587

0.399559, 0.075434
0.726987, 0.108778
0.571673, 0.848382
-0.391037, 1.485061
-5.125200, -0.692888
2.368800, 9.222844
17.188714, 8.544373
29.271107, 7.007315

0.340843, 0.227993
0.703032, 0.224513
0.486199, 0.900347
-0.468615, 1.461648
-5.118972, -0.736316
2.337331, 9.230796
17.178517, 8.564803
29.266848, 7.025041

0.226707, 0.345193
0.660650, 0.334747
0.396004, 0.943529
-0.544828, 1.434136
-5.112377, -0.779689
2.305836, 9.238640
17.168296, 8.585221
29.262579, 7.042764

0.076678, 0.407738
0.601013, 0.436562
0.301989, 0.977507
-0.619460, 1.402604
-5.105414, -0.823006
2.274313, 9.246377
17.158051, 8.605626
29.258299, 7.060484

-0.083863, 0.406950
0.525746, 0.527281
0.205091, 1.001951
-0.692299, 1.367140
-5.098084, -0.866261
2.242764, 9.254006
17.147781, 8.626020
29.254008, 7.078202

-0.229433, 0.345522
0.436888, 0.604538
0.106275, 1.016625
-0.763139, 1.327848
-5.090388, -0.909454
2.211189, 9.261527
17.137487, 8.646401
29.249707, 7.095917

-0.339040, 0.235406
0.336825, 0.666340
0.006525, 1.021392
-0.831779, 1.284839
-5.082326, -0.952580
2.179589, 9.268941
17.127169, 8.666770
29.245394, 7.113630

-0.398666, 0.094435
0.228222, 0.711114
-0.093172, 1.016215
-0.898023, 1.238235
-5.073899, -0.995636
2.147963, 9.276247
17.116826, 8.687127
29.241071, 7.131340

-0.401908, -0.056924
0.113954, 0.737743
-0.191825, 1.001151
-0.961685, 1.188170
-5.065107, -1.038619
2.116312, 9.283445
17.106459, 8.707472
29.236737, 7.149047

-0.349612, -0.198118
-0.002977, 0.745591
-0.288460, 0.976359
-1.022583, 1.134786
-5.055951, -1.081527
2.084636, 9.290534
17.096068, 8.727804
29.232393, 7.166752

-0.249125, -0.310389
-0.119517, 0.734513
-0.382120, 0.942091
-1.080545, 1.078235
-5.046432, -1.124356
2.052937, 9.297516
17.085653, 8.748124
29.228037, 7.184454

-0.113485, -0.378324
-0.232639, 0.704851
-0.471883, 0.898695
-1.135407, 1.018678
-5.036550, -1.167103
2.021213, 9.304389
17.075213, 8.768431
29.223671, 7.202154

0.039492, -0.391371
-0.339421, 0.657422
-0.556862, 0.846605
-1.187014, 0.956285
-5.026306, -1.209764
1.989466, 9.311154
17.064749, 8.788726
29.219294, 7.219851

0.188533, -0.345494
-0.437117, 0.593492
-0.636222, 0.786342
-1.235218, 0.891232
-5.015701, -1.252338
1.957696, 9.317810
17.054261, 8.809009
29.214907, 7.237545

0.311057, -0.244800
-0.523220, 0.514743
-0.709183, 0.718507
-1.279884, 0.823706
-5.004736, -1.294820
1.925903, 9.324358
17.043749, 8.829279
29.210509, 7.255236

0.386508, -0.102512
-0.595524, 0.423224
-0.775026, 0.643773
-1.320884, 0.753897
-4.993411, -1.337208
1.894088, 9.330797
17.033213, 8.849537
29.206100, 7.272925

0.400654, 0.059750
-0.652178, 0.321306
-0.833107, 0.562881
-1.358104, 0.682004
-4.981727, -1.379499
1.862251, 9.337128
17.022652, 8.869782
29.201680, 7.290611

0.349622, 0.215274
-0.691727, 0.211617
-0.882856, 0.476633
-1.391437, 0.608232
-4.969684, -1.421690
1.830392, 9.343350
17.012067, 8.890015
29.197249, 7.308295

0.241746, 0.337859
-0.713147, 0.096984
-0.923784, 0.385880
-1.420788, 0.532790
-4.957285, -1.463777
1.798512, 9.349463
17.001458, 8.910235
29.192808, 7.325976

0.095841, 0.407778
-0.715872, -0.019639
-0.955490, 0.291519
-1.446075, 0.455892
-4.944530, -1.505758
1.766611, 9.355467
16.990825, 8.930442
29.188356, 7.343654

-0.063468, 0.415638
-0.699809, -0.135244
-0.977664, 0.194481
-1.467227, 0.377757
-4.931419, -1.547629
1.734690, 9.361362
16.980168, 8.950637
29.183893, 7.361330

-0.211224, 0.362969
-0.665341, -0.246835
-0.990088, 0.095723
-1.484182, 0.298607
-4.917953, -1.589388
1.702749, 9.367149
16.969487, 8.970819
29.179420, 7.379002

-0.326398, 0.260254
-0.613320, -0.351512
-0.992639, -0.003781
-1.496894, 0.218666
-4.904134, -1.631032
1.670787, 9.372826
16.958782, 8.990988
29.174936, 7.396673

-0.394212, 0.123938
-0.545056, -0.446535
-0.985293, -0.103049
-1.505326, 0.138162
-4.889963, -1.672557
1.638807, 9.378394
16.948052, 9.011145
29.170441, 7.414340

-0.406914, -0.026451
-0.462281, -0.529400
-0.968119, -0.201103
-1.509454, 0.057323
-4.875440, -1.713961
1.606807, 9.383852
16.937299, 9.031288
29.165935, 7.432005

-0.363690, -0.170598
-0.367114, -0.597903
-0.941286, -0.296975
-1.509266, -0.023622
-4.860567, -1.755240
1.574789, 9.389202
16.926521, 9.051419
29.161419, 7.449667

-0.270288, -0.289237
-0.262009, -0.650201
-0.905055, -0.389719
-1.504764, -0.104442
-4.845344, -1.796392
1.542752, 9.394441
16.915720, 9.071538
29.156892, 7.467326

-0.138529, -0.365798
-0.149700, -0.684863
-0.859780, -0.478417
-1.495960, -0.184908
-4.829773, -1.837414
1.510698, 9.399572
16.904894, 9.091643
29.152354, 7.484982

0.014343, -0.388171
-0.033125, -0.700917
-0.805904, -0.562192
-1.482878, -0.264791
-4.813855, -1.878303
1.478626, 9.404593
16.894045, 9.111736
29.147805, 7.502636

0.166875, -0.350719
0.084645, -0.697877
-0.743955, -0.640215
-1.465556, -0.343865
-4.797591, -1.919056
1.446537, 9.409504
16.883172, 9.131815
29.143246, 7.520287

0.295651, -0.256284
0.200486, -0.675767
-0.674541, -0.711710
-1.444043, -0.421905
-4.780983, -1.959669
1.414431, 9.414306
16.872274, 9.151882
29.138676, 7.537935

0.378941, -0.117409
0.311312, -0.635122
-0.598344, -0.775966
-1.418399, -0.498689
-4.764030, -2.000140
1.382309, 9.418998
16.861353, 9.171936
29.134095, 7.555581

0.401386, 0.044406
0.414156, -0.576981
-0.516112, -0.832343
-1.388698, -0.573999
-4.746735, -2.040467
1.350171, 9.423581
16.850408, 9.191976
29.129504, 7.573223

0.358234, 0.202281
0.506253, -0.502861
-0.428655, -0.880277
-1.355024, -0.647621
-4.729099, -2.080645
1.318017, 9.428053
16.839438, 9.212004
29.124902, 7.590863

0.257062, 0.329798
0.585126, -0.414722
-0.336837, -0.919286
-1.317471, -0.719346
-4.711123, -2.120673
1.285848, 9.432416
16.828445, 9.232019
29.120289, 7.608500

0.115843, 0.406891
0.648647, -0.314909
-0.241562, -0.948977
-1.276147, -0.788970
-4.692808, -2.160548
1.253664, 9.436668
16.817429, 9.252020
29.115666, 7.626135

-0.041687, 0.423437
0.695111, -0.206087
-0.143774, -0.969048
-1.231168, -0.856294
-4.674157, -2.200266
1.221465, 9.440811
16.806388, 9.272009
29.111031, 7.643766

-0.191178, 0.379738
0.723273, -0.091172
-0.044442, -0.979292
-1.182662, -0.921129
-4.655169, -2.239824
1.189252, 9.444844
16.795323, 9.291984
29.106386, 7.661395

-0.311592, 0.284753
0.732391, 0.026758
0.055451, -0.979598
-1.130766, -0.983288
-4.635846, -2.279221
1.157026, 9.448766
16.784235, 9.311946
29.101731, 7.679021

-0.387410, 0.153489
0.722245, 0.144549
0.154910, -0.969955
-1.075628, -1.042596
-4.616190, -2.318452
1.124786, 9.452579
16.773122, 9.331895
29.097064, 7.696644

-0.409538, 0.004498
0.693136, 0.259059
0.252948, -0.950452
-1.017403, -1.098884
-4.596203, -2.357516
1.092533, 9.456281
16.761986, 9.351831
29.092387, 7.714264

-0.375510, -0.142197
0.645880, 0.367246
0.348586, -0.921273
-0.956257, -1.151990
-4.575885, -2.396409
1.060268, 9.459873
16.750826, 9.371754
29.087700, 7.731882

-0.289455, -0.266867
0.581777, 0.466254
0.440871, -0.882703
-0.892364, -1.201765
-4.555238, -2.435129
1.027990, 9.463355
16.739643, 9.391663
29.083001, 7.749497

-0.161954, -0.351822
0.502573, 0.553487
0.528882, -0.835118
-0.825904, -1.248066
-4.534263, -2.473673
0.995700, 9.466727
16.728435, 9.411559
29.078292, 7.767108

-0.009642, -0.383427
0.410404, 0.626678
0.611736, -0.778987
-0.757065, -1.290761
-4.512963, -2.512037
0.963399, 9.469988
16.717204, 9.431441
29.073572, 7.784717

0.145884, -0.354474
0.307739, 0.683945
0.688606, -0.714863
-0.686044, -1.329729
-4.491338, -2.550220
0.931086, 9.473139
16.705949, 9.451311
29.068842, 7.802323

0.280435, -0.266570
0.197307, 0.723839
0.758720, -0.643382
-0.613042, -1.364858
-4.469391, -2.588219
0.898763, 9.476179
16.694671, 9.471167
29.064101, 7.819927

0.371208, -0.131588
0.082023, 0.745375
0.821375, -0.565254
-0.538266, -1.396049
-4.447122, -2.626030
0.866430, 9.479109
16.683368, 9.491009
29.059349, 7.837527

0.401835, 0.029158
-0.035093, 0.748048
0.875942, -0.481255
-0.461928, -1.423211
-4.424534, -2.663652
0.834086, 9.481928
16.672043, 9.510838
29.054586, 7.855125

0.366743, 0.188769
-0.150988, 0.731848
0.921872, -0.392221
-0.384245, -1.446267
-4.401627, -2.701081
0.801733, 9.484637
16.660693, 9.530654
29.049813, 7.872719

0.272696, 0.320764
-0.262659, 0.697246
0.958704, -0.299042
-0.305437, -1.465151
-4.378404, -2.738314
0.769371, 9.487235
16.649320, 9.550456
29.045029, 7.890311

0.136696, 0.404811
-0.367227, 0.645183
0.986067, -0.202647
-0.225728, -1.479809
-4.354866, -2.775350
0.737000, 9.489723
16.637923, 9.570244
29.040234, 7.907900

-0.018526, 0.430044
-0.462004, 0.577039
1.003687, -0.103998
-0.145345, -1.490198
-4.331016, -2.812185
0.704620, 9.492100
16.626502, 9.590019
29.035429, 7.925486

-0.169298, 0.395486
-0.544561, 0.494599
1.011387, -0.004082
-0.064516, -1.496289
-4.306854, -2.848817
0.672232, 9.494366
16.615058, 9.609781
29.030613, 7.943069

-0.294605, 0.308526
-0.612782, 0.400003
1.009090, 0.096104
0.016529, -1.498062
-4.282382, -2.885243
0.639837, 9.496522
16.603590, 9.629528
29.025786, 7.960649

-0.378214, 0.182696
-0.664919, 0.295697
0.996819, 0.195558
0.097560, -1.495514
-4.257603, -2.921461
0.607434, 9.498567
16.592099, 9.649263
29.020949, 7.978226

-0.409705, 0.035527
-0.699629, 0.184367
0.974699, 0.293287
0.178347, -1.488650
-4.232517, -2.957467
0.575024, 9.500501
16.580584, 9.668983
29.016101, 7.995800

-0.384968, -0.113298
-0.716008, 0.068882
0.942954, 0.388316
0.258660, -1.477489
-4.207127, -2.993260
0.542607, 9.502324
16.569046, 9.688690
29.011242, 8.013372

-0.306504, -0.243635
-0.713617, -0.047781
0.901903, 0.479696
0.338271, -1.462062
-4.181435, -3.028836
0.510185, 9.504036
16.557484, 9.708383
29.006373, 8.030940

-0.183627, -0.336719
-0.692488, -0.162609
0.851959, 0.566517
0.416952, -1.442412
-4.155442, -3.064194
0.477756, 9.505638
16.545899, 9.728062
29.001493, 8.048506

-0.032340, -0.377423
-0.653134, -0.272623
0.793627, 0.647915
0.494482, -1.418595
-4.129150, -3.099330
0.445322, 9.507129
16.534290, 9.747728
28.996602, 8.066068

0.125658, -0.357010
-0.596532, -0.374956
0.727490, 0.723081
0.570638, -1.390678
-4.102562, -3.134243
0.412883, 9.508509
16.522658, 9.767379
28.991701, 8.083628

0.265474, -0.275898
-0.524110, -0.466923
0.654215, 0.791270
0.645204, -1.358739
-4.075679, -3.168929
0.380439, 9.509777
16.511002, 9.787017
28.986789, 8.101184

0.363346, -0.145292
-0.437711, -0.546093
0.574534, 0.851807
0.717968, -1.322869
-4.048502, -3.203386
0.347991, 9.510935
16.499323, 9.806641
28.981866, 8.118738

0.402024, 0.013757
-0.339553, -0.610352
0.489245, 0.904096
0.788723, -1.283169
-4.021035, -3.237612
0.315539, 9.511983
16.487620, 9.826251
28.976933, 8.136289

0.375157, 0.174493
-0.232177, -0.657962
0.399202, 0.947622
0.857266, -1.239752
-3.993279, -3.271604
0.283083, 9.512919
16.475894, 9.845848
28.971989, 8.153836

0.288632, 0.310513
-0.118380, -0.687614
0.305304, 0.981958
0.923404, -1.192740
-3.965235, -3.305360
0.250625, 9.513744
16.464145, 9.865430
28.967035, 8.171381

0.158353, 0.401280
-0.001150, -0.698466
0.208485, 1.006773
0.986948, -1.142266
-3.936907, -3.338877
0.218163, 9.514458
16.452372, 9.884998
28.962069, 8.188923

0.005941, 0.435169
0.116417, -0.690170
0.109711, 1.021826
1.047715, -1.088474
-3.908295, -3.372153
0.185699, 9.515061
16.440576, 9.904552
28.957093, 8.206461

-0.145663, 0.409886
0.231197, -0.662893
0.009962, 1.026977
1.105535, -1.031517
-3.879403, -3.405186
0.153233, 9.515553
16.428757, 9.924093
28.952107, 8.223997

-0.275507, 0.331215
0.340124, -0.617311
-0.089772, 1.022182
1.160240, -0.971555
-3.850231, -3.437973
0.120765, 9.515934
16.416914, 9.943619
28.947110, 8.241530

-0.366669, 0.211179
0.440279, -0.554601
-0.188502, 1.007498
1.211677, -0.908759
-3.820783, -3.470511
0.088296, 9.516204
16.405048, 9.963131
28.942102, 8.259059

-0.407434, 0.066250
0.528968, -0.476410
-0.285252, 0.983079
1.259697, -0.843308
-3.791060, -3.502800
0.055826, 9.516363
16.393158, 9.982629
28.937083, 8.276586

-0.392055, -0.084281
0.603803, -0.384810
-0.379065, 0.949172
1.304164, -0.775387
-3.761065, -3.534835
0.023355, 9.516411
16.381246, 10.002113
28.932054, 8.294110

-0.321399, -0.219903
0.662770, -0.282245
-0.469016, 0.906122
1.344951, -0.705189
-3.730799, -3.566615
-0.009115, 9.516348
16.369310, 10.021582
28.927014, 8.311630

-0.203499, -0.320816
0.704286, -0.171458
-0.554220, 0.854359
1.381942, -0.632913
-3.700265, -3.598138
-0.041586, 9.516174
16.357351, 10.041038
28.921964, 8.329148

-0.053701, -0.370446
0.727247, -0.055417
-0.633836, 0.794401
1.415031, -0.558766
-3.669465, -3.629401
-0.074056, 9.515889
16.345368, 10.060479
28.916903, 8.346662

0.106227, -0.358580
0.731055, 0.062769
-0.707083, 0.726845
1.444124, -0.482957
-3.638401, -3.660403
-0.106524, 9.515493
16.333363, 10.079906
28.911831, 8.364173

0.250765, -0.284501
0.715634, 0.179943
-0.773241, 0.652363
1.469137, -0.405702
-3.607075, -3.691140
-0.138992, 9.514986
16.321334, 10.099319
28.906749, 8.381682

0.355331, -0.158752
0.681433, 0.292983
-0.831661, 0.571693
1.489999, -0.327221
-3.575491, -3.721611
-0.171458, 9.514367
16.309282, 10.118717
28.901656, 8.399187

0.401910, -0.002022
0.629404, 0.398895
-0.881769, 0.485632
1.506651, -0.247738
-3.543649, -3.751813
-0.203921, 9.513638
16.297207, 10.138101
28.896552, 8.416689

0.383413, 0.159229
0.560974, 0.494888
-0.923075, 0.395032
1.519045, -0.167477
-3.511552, -3.781744
-0.236382, 9.512798
16.285109, 10.157471
28.891438, 8.434188

0.304773, 0.298817
0.478000, 0.578453
-0.955173, 0.300788
1.527146, -0.086668
-3.479203, -3.811403
-0.268840, 9.511846
16.272987, 10.176826
28.886313, 8.451684

0.180684, 0.396047
0.382715, 0.647428
-0.977749, 0.203828
1.530929, -0.005541
-3.446604, -3.840787
-0.301295, 9.510784
16.260843, 10.196167
28.881178, 8.469177

0.031571, 0.438525
0.277664, 0.700047
-0.990582, 0.105110
1.530385, 0.075675
-3.413757, -3.869894
-0.333747, 9.509611
16.248675, 10.215493
28.876031, 8.486667

-0.120417, 0.422613
0.165630, 0.734986
-0.993545, 0.005607
1.525515, 0.156747
-3.380664, -3.898721
-0.366194, 9.508326
16.236485, 10.234805
28.870875, 8.504154

-0.254425, 0.352464
0.049562, 0.751390
-0.986609, -0.093701
1.516332, 0.237446
-3.347329, -3.927268
-0.398637, 9.506931
16.224271, 10.254103
28.865707, 8.521637

-0.352882, 0.238567
-0.067505, 0.748890
-0.969840, -0.191833
1.502863, 0.317541
-3.313753, -3.955531
-0.431075, 9.505424
16.212034, 10.273385
28.860529, 8.539117

-0.402805, 0.096287
-0.182529, 0.727604
-0.943403, -0.287822
1.485146, 0.396805
-3.279938, -3.983509
-0.463508, 9.503807
16.199775, 10.292654
28.855341, 8.556595

-0.396823, -0.055517
-0.292535, 0.688134
-0.907555, -0.380719
1.463231, 0.475012
-3.245888, -4.011199
-0.495935, 9.502079
16.187492, 10.311908
28.850142, 8.574069

-0.334168, -0.196020
-0.394690, 0.631540
-0.862647, -0.469608
1.437181, 0.551940
-3.211605, -4.038601
-0.528357, 9.500239
16.175186, 10.331147
28.844932, 8.591540

-0.221582, -0.304428
-0.486371, 0.559315
-0.809118, -0.553607
1.407070, 0.627370
-3.177090, -4.065711
-0.560772, 9.498289
16.162858, 10.350371
28.839712, 8.609008

-0.073743, -0.362771
-0.565228, 0.473340
-0.747492, -0.631886
1.372983, 0.701087
-3.142347, -4.092527
-0.593180, 9.496228
16.150506, 10.369581
28.834481, 8.626473

0.087549, -0.359430
-0.629240, 0.375844
-0.678375, -0.703666
1.335019, 0.772882
-3.107378, -4.119049
-0.625582, 9.494056
16.138132, 10.388776
28.829239, 8.643934

0.236245, -0.292613
-0.676764, 0.269341
-0.602446, -0.768235
1.293285, 0.842551
-3.072186, -4.145274
-0.657975, 9.491774
16.125734, 10.407957
28.823987, 8.661392

0.347079, -0.172199
-0.706569, 0.156576
-0.520450, -0.824948
1.247899, 0.909896
-3.036773, -4.171200
-0.690362, 9.489380
16.113314, 10.427122
28.818724, 8.678848

0.401401, -0.018407
-0.717875, 0.040452
-0.433197, -0.873238
1.198992, 0.974725
-3.001141, -4.196825
-0.722740, 9.486876
16.100871, 10.446273
28.813451, 8.696300

0.391397, 0.142765
-0.710368, -0.076036
-0.341546, -0.912621
1.146703, 1.036854
-2.965294, -4.222147
-0.755109, 9.484260
16.088405, 10.465409
28.808167, 8.713748

0.320971, 0.285466
-0.684208, -0.189874
-0.246402, -0.942699
1.091180, 1.096106
-2.929233, -4.247165
-0.787469, 9.481534
16.075916, 10.484531
28.802872, 8.731194

0.203506, 0.388884
-0.640034, -0.298103
-0.148707, -0.963166
1.032583, 1.152314
-2.892962, -4.271877
-0.819820, 9.478698
16.063404, 10.503637
28.797567, 8.748637

0.058154, 0.439852
-0.578949, -0.397897
-0.049428, -0.973812
0.971077, 1.205317
-2.856483, -4.296281
-0.852162, 9.475750
16.050869, 10.522729
28.792251, 8.766076

-0.093774, 0.433370
-0.502499, -0.486630
0.050448, -0.974522
0.906838, 1.254966
-2.819798, -4.320375
-0.884493, 9.472692
16.038312, 10.541805
28.786925, 8.783512

-0.231566, 0.371945
-0.412634, -0.561947
0.149931, -0.965282
0.840049, 1.301120
-2.782910, -4.344158
-0.916814, 9.469524
16.025732, 10.560867
28.781588, 8.800945

-0.337041, 0.264507
-0.311669, -0.621830
0.248030, -0.946175
0.770900, 1.343647
-2.745823, -4.367628
-0.949123, 9.466244
16.013129, 10.579914
28.776240, 8.818374

-0.395976, 0.125279
-0.202224, -0.664652
0.343768, -0.917384
0.699588, 1.382427
-2.708538, -4.390783
-0.981422, 9.462855
16.000503, 10.598945
28.770882, 8.835800

-0.399399, -0.027363
-0.087160, -0.689226
0.436188, -0.879188
0.626316, 1.417350
-2.671058, -4.413621
-1.013709, 9.459354
15.987855, 10.617962
28.765513, 8.853224

-0.344910, -0.172319
0.030495, -0.694844
0.524369, -0.831961
0.551293, 1.448319
-2.633386, -4.436142
-1.045984, 9.455743
15.975184, 10.636964
28.760134, 8.870643

-0.237960, -0.287851
0.147625, -0.681300
0.607427, -0.776167
0.474731, 1.475244
-2.595525, -4.458342
-1.078247, 9.452022
15.962490, 10.655950
28.754744, 8.888060

-0.092554, -0.354654
0.261111, -0.648903
0.684531, -0.712359
0.396850, 1.498051
-2.557476, -4.480222
-1.110497, 9.448190
15.949774, 10.674922
28.749344, 8.905473

0.069518, -0.359786
0.367916, -0.598471
0.754908, -0.641167
0.317871, 1.516674
-2.519245, -4.501778
-1.142733, 9.444248
15.937035, 10.693878
28.743933, 8.922883

0.221783, -0.300450
0.465175, -0.531316
0.817852, -0.563299
0.238017, 1.531062
-2.480831, -4.523010
-1.174957, 9.440196
15.924273, 10.712819
28.738511, 8.940290

0.338451, -0.185844
0.550270, -0.449211
0.872730, -0.479530
0.157517, 1.541174
-2.442240, -4.543916
-1.207166, 9.436033
15.911489, 10.731745
28.733079, 8.957694

0.400344, -0.035595
0.620912, -0.354339
0.918992, -0.390693
0.076599, 1.546983
-2.403472, -4.564495
-1.239361, 9.431760
15.898682, 10.750656
28.727636, 8.975094

