0.000000, 0.000000, 0.000000, 0.000000
0.999950, 0.010000, -0.010000, 0.999950

0.000000, 0.000000, 0.000000, 0.000000
0.999800, 0.019999, -0.019998, 0.999800

0.000000, 0.000000, 0.000000, 0.000000
0.999550, 0.029996, -0.029995, 0.999550

0.000000, 0.000000, 0.000000, 0.000000
0.999200, 0.039990, -0.039989, 0.999200

0.000000, 0.000000, 0.000000, 0.000000
0.998750, 0.049980, -0.049979, 0.998750

0.000000, 0.000000, 0.000000, 0.000000
0.998201, 0.059965, -0.059964, 0.998201

0.000000, 0.000000, 0.000000, 0.000000
0.997551, 0.069944, -0.069942, 0.997551

0.000000, 0.000000, 0.000000, 0.000000
0.996802, 0.079916, -0.079914, 0.996802

0.000000, 0.000000, 0.000000, 0.000000
0.995953, 0.089880, -0.089878, 0.995953

0.000000, 0.000000, 0.000000, 0.000000
0.995004, 0.099835, -0.099833, 0.995004

0.000000, 0.000000, 0.000000, 0.000000
0.993956, 0.109780, -0.109777, 0.993956

0.000000, 0.000000, 0.000000, 0.000000
0.992809, 0.119714, -0.119711, 0.992809

0.000000, 0.000000, 0.000000, 0.000000
0.991562, 0.129636, -0.129633, 0.991562

0.000000, 0.000000, 0.000000, 0.000000
0.990216, 0.139545, -0.139542, 0.990216

0.000000, 0.000000, 0.000000, 0.000000
0.988771, 0.149441, -0.149437, 0.988771

0.000000, 0.000000, 0.000000, 0.000000
0.987227, 0.159321, -0.159317, 0.987227

0.000000, 0.000000, 0.000001, 0.000000
0.985585, 0.169185, -0.169181, 0.985585

0.000000, 0.000000, 0.000001, 0.000000
0.983844, 0.179033, -0.179028, 0.983844

0.000000, 0.000000, 0.000001, 0.000000
0.982004, 0.188862, -0.188857, 0.982004

0.000000, 0.000000, 0.000001, 0.000000
0.980066, 0.198673, -0.198668, 0.980066

0.000000, 0.000000, 0.000001, 0.000000
0.978031, 0.208463, -0.208458, 0.978031

0.000000, 0.000000, 0.000001, 0.000000
0.975897, 0.218233, -0.218228, 0.975897

0.000000, 0.000000, 0.000001, 0.000000
0.973666, 0.227981, -0.227975, 0.973666

0.000000, 0.000000, 0.000001, 0.000000
0.971338, 0.237707, -0.237700, 0.971338

0.000000, 0.000000, 0.000001, 0.000000
0.968912, 0.247408, -0.247402, 0.968912

0.000000, 0.000000, 0.000001, 0.000000
0.966390, 0.257085, -0.257078, 0.966390

0.000000, 0.000000, 0.000001, 0.000000
0.963771, 0.266736, -0.266729, 0.963771

0.000000, 0.000000, 0.000001, 0.000000
0.961055, 0.276360, -0.276353, 0.961055

0.000000, 0.000000, 0.000001, 0.000000
0.958244, 0.285957, -0.285950, 0.958244

0.000000, 0.000000, 0.000001, 0.000000
0.955336, 0.295525, -0.295517, 0.955336

0.000000, 0.000000, 0.000001, 0.000000
0.952333, 0.305064, -0.305056, 0.952333

0.000000, 0.000000, 0.000001, 0.000000
0.949235, 0.314572, -0.314564, 0.949235

0.000000, 0.000000, 0.000001, 0.000000
0.946042, 0.324048, -0.324040, 0.946042

0.000000, 0.000000, 0.000001, 0.000000
0.942754, 0.333493, -0.333484, 0.942754

0.000000, 0.000000, 0.000001, 0.000000
0.939372, 0.342903, -0.342894, 0.939372

0.000000, 0.000000, 0.000001, 0.000000
0.935896, 0.352280, -0.352271, 0.935896

0.000000, 0.000000, 0.000001, 0.000000
0.932327, 0.361621, -0.361612, 0.932327

0.000000, 0.000000, 0.000001, 0.000000
0.928664, 0.370927, -0.370917, 0.928664

0.000000, 0.000000, 0.000001, 0.000000
0.924909, 0.380195, -0.380185, 0.924909

0.000000, 0.000000, 0.000001, 0.000000
0.921060, 0.389425, -0.389414, 0.921061

0.000000, 0.000000, 0.000001, 0.000000
0.917120, 0.398616, -0.398605, 0.917120

0.000000, 0.000000, 0.000001, 0.000000
0.913088, 0.407767, -0.407756, 0.913088

0.000000, 0.000000, 0.000001, 0.000000
0.908965, 0.416878, -0.416866, 0.908965

0.000000, 0.000000, 0.000001, 0.000000
0.904751, 0.425946, -0.425935, 0.904751

0.000000, 0.000000, 0.000001, 0.000000
0.900446, 0.434973, -0.434961, 0.900447

0.000000, 0.000000, 0.000001, 0.000000
0.896052, 0.443955, -0.443943, 0.896052

0.000000, 0.000000, 0.000001, 0.000000
0.891568, 0.452894, -0.452881, 0.891568

0.000000, 0.000000, 0.000001, 0.000000
0.886994, 0.461787, -0.461774, 0.886994

0.000000, 0.000000, 0.000001, 0.000000
0.882332, 0.470634, -0.470621, 0.882332

0.000000, 0.000000, 0.000001, 0.000000
0.877582, 0.479433, -0.479420, 0.877582

0.000000, 0.000000, 0.000001, 0.000000
0.872744, 0.488185, -0.488172, 0.872744

0.000000, 0.000000, 0.000001, 0.000000
0.867818, 0.496888, -0.496874, 0.867819

0.000000, 0.000000, 0.000002, 0.000000
0.862806, 0.505542, -0.505527, 0.862807

0.000000, 0.000000, 0.000002, 0.000000
0.857708, 0.514144, -0.514130, 0.857708

0.000000, 0.000000, 0.000002, 0.000000
0.852524, 0.522696, -0.522681, 0.852524

0.000000, 0.000000, 0.000002, 0.000000
0.847254, 0.531195, -0.531180, 0.847255

0.000000, 0.000000, 0.000002, 0.000000
0.841900, 0.539641, -0.539625, 0.841901

0.000000, 0.000000, 0.000002, 0.000000
0.836462, 0.548033, -0.548017, 0.836462

0.000001, 0.000000, 0.000002, 0.000001
0.830940, 0.556370, -0.556354, 0.830940

0.000001, 0.000000, 0.000002, 0.000001
0.825335, 0.564652, -0.564635, 0.825335

0.000001, 0.000000, 0.000002, 0.000001
0.819647, 0.572877, -0.572860, 0.819648

0.000001, 0.000000, 0.000002, 0.000001
0.813877, 0.581045, -0.581028, 0.813878

0.000001, 0.000000, 0.000002, 0.000001
0.808026, 0.589154, -0.589137, 0.808027

0.000001, 0.000000, 0.000002, 0.000001
0.802095, 0.597205, -0.597188, 0.802095

0.000001, 0.000000, 0.000002, 0.000001
0.796083, 0.605196, -0.605178, 0.796084

0.000001, 0.000000, 0.000002, 0.000001
0.789991, 0.613127, -0.613109, 0.789992

0.000001, 0.000000, 0.000002, 0.000001
0.783820, 0.620996, -0.620978, 0.783821

0.000001, 0.000000, 0.000002, 0.000001
0.777571, 0.628803, -0.628784, 0.777573

0.000001, 0.000000, 0.000002, 0.000001
0.771245, 0.636548, -0.636528, 0.771246

0.000001, 0.000000, 0.000002, 0.000001
0.764841, 0.644228, -0.644209, 0.764842

0.000001, 0.000000, 0.000002, 0.000001
0.758361, 0.651844, -0.651825, 0.758362

0.000001, 0.000000, 0.000002, 0.000001
0.751804, 0.659395, -0.659375, 0.751806

0.000001, 0.000000, 0.000002, 0.000001
0.745173, 0.666881, -0.666860, 0.745175

0.000001, 0.000000, 0.000002, 0.000001
0.738467, 0.674299, -0.674278, 0.738469

0.000001, 0.000000, 0.000002, 0.000001
0.731688, 0.681650, -0.681629, 0.731689

0.000001, 0.000000, 0.000002, 0.000001
0.724835, 0.688933, -0.688911, 0.724836

0.000001, 0.000000, 0.000002, 0.000001
0.717909, 0.696147, -0.696125, 0.717911

0.000001, 0.000000, 0.000002, 0.000001
0.710912, 0.703291, -0.703269, 0.710914

0.000001, 0.000000, 0.000002, 0.000001
0.703844, 0.710365, -0.710342, 0.703846

0.000001, 0.000000, 0.000002, 0.000001
0.696705, 0.717368, -0.717345, 0.696707

0.000001, 0.000000, 0.000002, 0.000001
0.689497, 0.724299, -0.724276, 0.689499

0.000001, 0.000000, 0.000002, 0.000001
0.682220, 0.731158, -0.731134, 0.682222

0.000001, 0.000000, 0.000002, 0.000001
0.674874, 0.737944, -0.737920, 0.674877

0.000001, 0.000000, 0.000002, 0.000001
0.667461, 0.744655, -0.744631, 0.667464

0.000001, 0.000000, 0.000002, 0.000001
0.659982, 0.751293, -0.751268, 0.659984

0.000001, 0.000000, 0.000002, 0.000001
0.652436, 0.757855, -0.757830, 0.652439

0.000001, 0.000000, 0.000002, 0.000001
0.644825, 0.764342, -0.764316, 0.644828

0.000001, 0.000000, 0.000002, 0.000001
0.637150, 0.770752, -0.770726, 0.637153

0.000001, 0.000000, 0.000002, 0.000001
0.629411, 0.777085, -0.777059, 0.629414

0.000001, 0.000000, 0.000002, 0.000001
0.621609, 0.783340, -0.783313, 0.621612

0.000001, 0.000000, 0.000002, 0.000001
0.613744, 0.789517, -0.789490, 0.613748

0.000001, 0.000000, 0.000002, 0.000001
0.605819, 0.795615, -0.795588, 0.605822

0.000001, 0.000000, 0.000002, 0.000001
0.597833, 0.801633, -0.801606, 0.597836

0.000001, 0.000000, 0.000002, 0.000001
0.589787, 0.807572, -0.807544, 0.589790

0.000001, 0.000000, 0.000002, 0.000001
0.581682, 0.813429, -0.813401, 0.581686

0.000001, 0.000000, 0.000002, 0.000001
0.573519, 0.819205, -0.819177, 0.573523

0.000001, 0.000000, 0.000002, 0.000001
0.565298, 0.824900, -0.824871, 0.565302

0.000001, 0.000000, 0.000002, 0.000001
0.557021, 0.830511, -0.830482, 0.557026

0.000001, 0.000000, 0.000003, 0.000001
0.548689, 0.836040, -0.836010, 0.548693

0.000001, 0.000000, 0.000003, 0.000001
0.540301, 0.841485, -0.841455, 0.540306

0.000001, 0.000000, 0.000003, 0.000001
0.531859, 0.846846, -0.846816, 0.531864

0.000001, 0.000001, 0.000003, 0.000001
0.523365, 0.852122, -0.852092, 0.523370

0.000001, 0.000001, 0.000003, 0.000001
0.514818, 0.857314, -0.857282, 0.514823

0.000001, 0.000001, 0.000003, 0.000001
0.506219, 0.862419, -0.862387, 0.506224

0.000002, 0.000001, 0.000003, 0.000002
0.497570, 0.867438, -0.867406, 0.497575

0.000002, 0.000001, 0.000003, 0.000002
0.488871, 0.872370, -0.872338, 0.488877

0.000002, 0.000001, 0.000003, 0.000002
0.480123, 0.877216, -0.877183, 0.480129

0.000002, 0.000001, 0.000003, 0.000002
0.471327, 0.881973, -0.881940, 0.471333

0.000002, 0.000001, 0.000003, 0.000002
0.462484, 0.886642, -0.886609, 0.462491

0.000002, 0.000001, 0.000003, 0.000002
0.453595, 0.891223, -0.891189, 0.453602

0.000002, 0.000001, 0.000003, 0.000002
0.444660, 0.895714, -0.895680, 0.444667

0.000002, 0.000001, 0.000003, 0.000002
0.435681, 0.900116, -0.900082, 0.435688

0.000002, 0.000001, 0.000003, 0.000002
0.426659, 0.904428, -0.904393, 0.426666

0.000002, 0.000001, 0.000003, 0.000002
0.417594, 0.908650, -0.908614, 0.417601

0.000002, 0.000001, 0.000003, 0.000002
0.408487, 0.912780, -0.912745, 0.408494

0.000002, 0.000001, 0.000003, 0.000002
0.399339, 0.916819, -0.916784, 0.399347

0.000002, 0.000001, 0.000003, 0.000002
0.390151, 0.920767, -0.920731, 0.390159

0.000002, 0.000001, 0.000003, 0.000002
0.380924, 0.924623, -0.924586, 0.380933

0.000002, 0.000001, 0.000003, 0.000002
0.371659, 0.928386, -0.928349, 0.371668

0.000002, 0.000001, 0.000003, 0.000002
0.362357, 0.932056, -0.932019, 0.362366

0.000002, 0.000001, 0.000003, 0.000002
0.353019, 0.935633, -0.935595, 0.353028

0.000002, 0.000001, 0.000003, 0.000002
0.343645, 0.939116, -0.939079, 0.343655

0.000002, 0.000001, 0.000003, 0.000002
0.334237, 0.942506, -0.942468, 0.334247

0.000002, 0.000001, 0.000003, 0.000002
0.324796, 0.945801, -0.945763, 0.324806

0.000002, 0.000001, 0.000003, 0.000002
0.315322, 0.949002, -0.948963, 0.315332

0.000002, 0.000001, 0.000003, 0.000002
0.305817, 0.952108, -0.952069, 0.305827

0.000002, 0.000001, 0.000003, 0.000002
0.296281, 0.955119, -0.955079, 0.296291

0.000002, 0.000001, 0.000003, 0.000002
0.286715, 0.958034, -0.957994, 0.286726

0.000002, 0.000001, 0.000003, 0.000002
0.277121, 0.960853, -0.960813, 0.277132

0.000002, 0.000001, 0.000003, 0.000002
0.267499, 0.963577, -0.963536, 0.267511

0.000002, 0.000001, 0.000003, 0.000002
0.257850, 0.966203, -0.966163, 0.257862

0.000002, 0.000001, 0.000003, 0.000002
0.248175, 0.968734, -0.968693, 0.248188

0.000002, 0.000001, 0.000003, 0.000002
0.238476, 0.971167, -0.971126, 0.238489

0.000002, 0.000001, 0.000003, 0.000002
0.228753, 0.973504, -0.973462, 0.228766

0.000002, 0.000001, 0.000003, 0.000002
0.219007, 0.975743, -0.975700, 0.219020

0.000002, 0.000001, 0.000003, 0.000002
0.209239, 0.977884, -0.977841, 0.209253

0.000002, 0.000001, 0.000003, 0.000002
0.199450, 0.979928, -0.979885, 0.199464

0.000002, 0.000001, 0.000003, 0.000002
0.189641, 0.981873, -0.981830, 0.189656

0.000002, 0.000001, 0.000003, 0.000002
0.179813, 0.983721, -0.983677, 0.179828

0.000002, 0.000001, 0.000003, 0.000002
0.169968, 0.985470, -0.985426, 0.169983

0.000003, 0.000001, 0.000003, 0.000003
0.160105, 0.987120, -0.987076, 0.160120

0.000003, 0.000001, 0.000003, 0.000003
0.150226, 0.988672, -0.988628, 0.150242

0.000003, 0.000001, 0.000003, 0.000003
0.140332, 0.990125, -0.990080, 0.140349

0.000003, 0.000001, 0.000003, 0.000003
0.130425, 0.991479, -0.991434, 0.130441

0.000003, 0.000001, 0.000003, 0.000003
0.120504, 0.992734, -0.992689, 0.120521

0.000003, 0.000001, 0.000003, 0.000003
0.110571, 0.993890, -0.993844, 0.110588

0.000003, 0.000001, 0.000003, 0.000003
0.100627, 0.994946, -0.994900, 0.100645

0.000003, 0.000001, 0.000003, 0.000003
0.090673, 0.995903, -0.995856, 0.090691

0.000003, 0.000001, 0.000003, 0.000003
0.080710, 0.996760, -0.996713, 0.080728

0.000003, 0.000002, 0.000003, 0.000003
0.070739, 0.997517, -0.997470, 0.070758

0.000003, 0.000002, 0.000003, 0.000003
0.060760, 0.998175, -0.998128, 0.060780

0.000003, 0.000002, 0.000003, 0.000003
0.050776, 0.998733, -0.998685, 0.050796

0.000003, 0.000002, 0.000003, 0.000003
0.040787, 0.999191, -0.999143, 0.040807

0.000003, 0.000002, 0.000003, 0.000003
0.030793, 0.999549, -0.999501, 0.030814

0.000003, 0.000002, 0.000003, 0.000003
0.020797, 0.999807, -0.999759, 0.020818

0.000003, 0.000002, 0.000003, 0.000003
0.010798, 0.999965, -0.999917, 0.010819

0.000003, 0.000002, 0.000003, 0.000003
0.000798, 1.000023, -0.999975, 0.000820

0.000003, 0.000002, 0.000003, 0.000003
-0.009202, 0.999982, -0.999933, -0.009179

0.000003, 0.000002, 0.000003, 0.000003
-0.019200, 0.999840, -0.999791, -0.019178

0.000003, 0.000002, 0.000003, 0.000003
-0.029197, 0.999598, -0.999549, -0.029174

0.000003, 0.000002, 0.000003, 0.000003
-0.039191, 0.999256, -0.999207, -0.039168

0.000003, 0.000002, 0.000003, 0.000003
-0.049181, 0.998815, -0.998765, -0.049157

0.000003, 0.000002, 0.000003, 0.000003
-0.059167, 0.998273, -0.998223, -0.059142

0.000003, 0.000002, 0.000003, 0.000003
-0.069146, 0.997632, -0.997582, -0.069121

0.000003, 0.000002, 0.000003, 0.000003
-0.079118, 0.996891, -0.996840, -0.079093

0.000003, 0.000002, 0.000003, 0.000003
-0.089083, 0.996050, -0.995999, -0.089057

0.000003, 0.000002, 0.000003, 0.000003
-0.099038, 0.995110, -0.995059, -0.099012

0.000003, 0.000002, 0.000003, 0.000003
-0.108984, 0.994070, -0.994019, -0.108957

0.000003, 0.000002, 0.000003, 0.000003
-0.118919, 0.992930, -0.992879, -0.118891

0.000003, 0.000002, 0.000003, 0.000003
-0.128841, 0.991692, -0.991640, -0.128813

0.000003, 0.000002, 0.000003, 0.000003
-0.138751, 0.990354, -0.990302, -0.138723

0.000003, 0.000002, 0.000003, 0.000003
-0.148648, 0.988917, -0.988866, -0.148619

0.000003, 0.000002, 0.000003, 0.000003
-0.158529, 0.987382, -0.987330, -0.158499

0.000004, 0.000002, 0.000003, 0.000004
-0.168394, 0.985747, -0.985695, -0.168364

0.000004, 0.000002, 0.000003, 0.000004
-0.178243, 0.984015, -0.983962, -0.178212

0.000004, 0.000002, 0.000003, 0.000004
-0.188073, 0.982183, -0.982131, -0.188042

0.000004, 0.000002, 0.000003, 0.000004
-0.197885, 0.980254, -0.980201, -0.197854

0.000004, 0.000002, 0.000003, 0.000004
-0.207677, 0.978226, -0.978173, -0.207645

0.000004, 0.000002, 0.000003, 0.000004
-0.217449, 0.976101, -0.976048, -0.217416

0.000004, 0.000002, 0.000003, 0.000004
-0.227198, 0.973878, -0.973825, -0.227165

0.000004, 0.000003, 0.000003, 0.000004
-0.236925, 0.971558, -0.971504, -0.236892

0.000004, 0.000003, 0.000003, 0.000004
-0.246628, 0.969140, -0.969087, -0.246594

0.000004, 0.000003, 0.000003, 0.000004
-0.256307, 0.966626, -0.966572, -0.256272

0.000004, 0.000003, 0.000003, 0.000004
-0.265960, 0.964015, -0.963961, -0.265925

0.000004, 0.000003, 0.000003, 0.000004
-0.275586, 0.961307, -0.961253, -0.275550

0.000004, 0.000003, 0.000003, 0.000004
-0.285185, 0.958504, -0.958450, -0.285149

0.000004, 0.000003, 0.000003, 0.000004
-0.294755, 0.955604, -0.955550, -0.294718

0.000004, 0.000003, 0.000003, 0.000004
-0.304296, 0.952609, -0.952555, -0.304259

0.000004, 0.000003, 0.000003, 0.000004
-0.313806, 0.949519, -0.949465, -0.313768

0.000004, 0.000003, 0.000003, 0.000004
-0.323285, 0.946334, -0.946280, -0.323247

0.000004, 0.000003, 0.000003, 0.000004
-0.332732, 0.943054, -0.943000, -0.332693

0.000004, 0.000003, 0.000003, 0.000004
-0.342145, 0.939680, -0.939626, -0.342106

0.000004, 0.000003, 0.000003, 0.000004
-0.351524, 0.936212, -0.936158, -0.351484

0.000004, 0.000003, 0.000003, 0.000004
-0.360868, 0.932650, -0.932596, -0.360828

0.000004, 0.000003, 0.000003, 0.000004
-0.370176, 0.928995, -0.928941, -0.370135

0.000004, 0.000003, 0.000003, 0.000004
-0.379447, 0.925248, -0.925193, -0.379405

0.000004, 0.000003, 0.000003, 0.000004
-0.388680, 0.921407, -0.921353, -0.388638

0.000004, 0.000003, 0.000003, 0.000004
-0.397874, 0.917475, -0.917420, -0.397831

0.000004, 0.000003, 0.000003, 0.000004
-0.407029, 0.913451, -0.913396, -0.406985

0.000004, 0.000003, 0.000003, 0.000004
-0.416142, 0.909335, -0.909281, -0.416098

0.000004, 0.000003, 0.000003, 0.000004
-0.425214, 0.905129, -0.905074, -0.425170

0.000004, 0.000003, 0.000003, 0.000004
-0.434244, 0.900832, -0.900777, -0.434198

0.000004, 0.000003, 0.000003, 0.000004
-0.443230, 0.896445, -0.896390, -0.443184

0.000004, 0.000003, 0.000003, 0.000004
-0.452172, 0.891968, -0.891914, -0.452125

0.000004, 0.000003, 0.000003, 0.000004
-0.461068, 0.887402, -0.887348, -0.461021

0.000004, 0.000004, 0.000003, 0.000004
-0.469918, 0.882748, -0.882693, -0.469871

0.000004, 0.000004, 0.000003, 0.000004
-0.478722, 0.878005, -0.877951, -0.478674

0.000004, 0.000004, 0.000003, 0.000004
-0.487477, 0.873174, -0.873120, -0.487429

0.000004, 0.000004, 0.000003, 0.000004
-0.496184, 0.868256, -0.868202, -0.496135

0.000005, 0.000004, 0.000003, 0.000005
-0.504842, 0.863251, -0.863198, -0.504792

0.000005, 0.000004, 0.000003, 0.000005
-0.513448, 0.858160, -0.858107, -0.513398

0.000005, 0.000004, 0.000003, 0.000005
-0.522004, 0.852983, -0.852930, -0.521953

0.000005, 0.000004, 0.000003, 0.000005
-0.530507, 0.847721, -0.847668, -0.530455

0.000005, 0.000004, 0.000003, 0.000005
-0.538957, 0.842374, -0.842321, -0.538905

0.000005, 0.000004, 0.000003, 0.000005
-0.547353, 0.836943, -0.836890, -0.547301

0.000005, 0.000004, 0.000002, 0.000005
-0.555695, 0.831428, -0.831375, -0.555642

0.000005, 0.000004, 0.000002, 0.000005
-0.563981, 0.825830, -0.825777, -0.563927

0.000005, 0.000004, 0.000002, 0.000005
-0.572210, 0.820150, -0.820097, -0.572156

0.000005, 0.000004, 0.000002, 0.000005
-0.580383, 0.814387, -0.814334, -0.580328

0.000005, 0.000004, 0.000002, 0.000005
-0.588497, 0.808543, -0.808491, -0.588442

0.000005, 0.000004, 0.000002, 0.000005
-0.596553, 0.802618, -0.802566, -0.596496

0.000005, 0.000004, 0.000002, 0.000005
-0.604548, 0.796613, -0.796561, -0.604492

0.000005, 0.000004, 0.000002, 0.000005
-0.612484, 0.790529, -0.790476, -0.612427

0.000005, 0.000004, 0.000002, 0.000005
-0.620358, 0.784365, -0.784313, -0.620300

0.000005, 0.000004, 0.000002, 0.000005
-0.628170, 0.778123, -0.778071, -0.628112

0.000005, 0.000004, 0.000002, 0.000005
-0.635919, 0.771803, -0.771751, -0.635860

0.000005, 0.000005, 0.000002, 0.000005
-0.643605, 0.765405, -0.765354, -0.643546

0.000005, 0.000005, 0.000002, 0.000005
-0.651226, 0.758932, -0.758881, -0.651166

0.000005, 0.000005, 0.000002, 0.000005
-0.658783, 0.752382, -0.752331, -0.658722

0.000005, 0.000005, 0.000002, 0.000005
-0.666273, 0.745757, -0.745707, -0.666212

0.000005, 0.000005, 0.000002, 0.000005
-0.673697, 0.739058, -0.739007, -0.673635

0.000005, 0.000005, 0.000002, 0.000005
-0.681053, 0.732285, -0.732234, -0.680991

0.000005, 0.000005, 0.000002, 0.000005
-0.688341, 0.725438, -0.725388, -0.688279

0.000005, 0.000005, 0.000002, 0.000005
-0.695561, 0.718519, -0.718469, -0.695498

0.000005, 0.000005, 0.000002, 0.000005
-0.702711, 0.711528, -0.711479, -0.702647

0.000005, 0.000005, 0.000002, 0.000005
-0.709791, 0.704466, -0.704417, -0.709726

0.000005, 0.000005, 0.000002, 0.000005
-0.716799, 0.697334, -0.697285, -0.716734

0.000005, 0.000005, 0.000002, 0.000005
-0.723736, 0.690131, -0.690083, -0.723671

0.000005, 0.000005, 0.000002, 0.000005
-0.730601, 0.682860, -0.682812, -0.730535

0.000005, 0.000005, 0.000002, 0.000005
-0.737392, 0.675521, -0.675473, -0.737326

0.000005, 0.000005, 0.000002, 0.000005
-0.744110, 0.668114, -0.668066, -0.744043

0.000005, 0.000005, 0.000002, 0.000005
-0.750754, 0.660640, -0.660593, -0.750686

0.000005, 0.000005, 0.000002, 0.000005
-0.757322, 0.653100, -0.653053, -0.757254

0.000005, 0.000005, 0.000002, 0.000005
-0.763815, 0.645495, -0.645448, -0.763746

0.000005, 0.000005, 0.000002, 0.000005
-0.770231, 0.637825, -0.637779, -0.770162

0.000005, 0.000005, 0.000002, 0.000005
-0.776570, 0.630091, -0.630046, -0.776501

0.000005, 0.000006, 0.000002, 0.000005
-0.782832, 0.622295, -0.622249, -0.782762

0.000005, 0.000006, 0.000002, 0.000005
-0.789015, 0.614436, -0.614391, -0.788945

0.000005, 0.000006, 0.000002, 0.000005
-0.795120, 0.606516, -0.606471, -0.795049

0.000005, 0.000006, 0.000002, 0.000005
-0.801145, 0.598535, -0.598491, -0.801073

0.000005, 0.000006, 0.000002, 0.000005
-0.807090, 0.590495, -0.590451, -0.807018

0.000005, 0.000006, 0.000002, 0.000005
-0.812954, 0.582395, -0.582351, -0.812882

0.000005, 0.000006, 0.000002, 0.000005
-0.818737, 0.574237, -0.574194, -0.818664

0.000005, 0.000006, 0.000002, 0.000005
-0.824438, 0.566022, -0.565979, -0.824364

0.000005, 0.000006, 0.000002, 0.000005
-0.830056, 0.557750, -0.557707, -0.829983

0.000006, 0.000006, 0.000002, 0.000006
-0.835592, 0.549422, -0.549380, -0.835518

0.000006, 0.000006, 0.000002, 0.000006
-0.841044, 0.541039, -0.540998, -0.840969

0.000006, 0.000006, 0.000002, 0.000006
-0.846412, 0.532603, -0.532561, -0.846337

0.000006, 0.000006, 0.000002, 0.000006
-0.851695, 0.524113, -0.524072, -0.851620

0.000006, 0.000006, 0.000002, 0.000006
-0.856893, 0.515570, -0.515530, -0.856817

0.000006, 0.000006, 0.000002, 0.000006
-0.862006, 0.506976, -0.506936, -0.861929

0.000006, 0.000006, 0.000001, 0.000006
-0.867032, 0.498332, -0.498292, -0.866955

0.000006, 0.000006, 0.000001, 0.000006
-0.871972, 0.489637, -0.489598, -0.871894

0.000006, 0.000006, 0.000001, 0.000006
-0.876824, 0.480894, -0.480855, -0.876746

0.000006, 0.000007, 0.000001, 0.000006
-0.881589, 0.472102, -0.472064, -0.881511

0.000006, 0.000007, 0.000001, 0.000006
-0.886265, 0.463263, -0.463226, -0.886187

0.000006, 0.000007, 0.000001, 0.000006
-0.890853, 0.454378, -0.454342, -0.890775

0.000006, 0.000007, 0.000001, 0.000006
-0.895352, 0.445448, -0.445412, -0.895273

0.000006, 0.000007, 0.000001, 0.000006
-0.899761, 0.436473, -0.436437, -0.899682

0.000006, 0.000007, 0.000001, 0.000006
-0.904081, 0.427454, -0.427419, -0.904001

0.000006, 0.000007, 0.000001, 0.000006
-0.908310, 0.418393, -0.418358, -0.908230

0.000006, 0.000007, 0.000001, 0.000006
-0.912448, 0.409290, -0.409255, -0.912367

0.000006, 0.000007, 0.000001, 0.000006
-0.916495, 0.400146, -0.400112, -0.916414

0.000006, 0.000007, 0.000001, 0.000006
-0.920450, 0.390961, -0.390928, -0.920369

0.000006, 0.000007, 0.000001, 0.000006
-0.924313, 0.381738, -0.381705, -0.924232

0.000006, 0.000007, 0.000001, 0.000006
-0.928084, 0.372477, -0.372445, -0.928003

0.000006, 0.000007, 0.000001, 0.000006
-0.931762, 0.363178, -0.363146, -0.931680

0.000006, 0.000007, 0.000001, 0.000006
-0.935347, 0.353843, -0.353812, -0.935265

0.000006, 0.000007, 0.000001, 0.000006
-0.938839, 0.344473, -0.344442, -0.938756

0.000006, 0.000007, 0.000001, 0.000006
-0.942236, 0.335068, -0.335038, -0.942153

0.000006, 0.000007, 0.000001, 0.000006
-0.945539, 0.325630, -0.325600, -0.945456

0.000006, 0.000008, 0.000001, 0.000006
-0.948748, 0.316159, -0.316130, -0.948665

0.000006, 0.000008, 0.000001, 0.000006
-0.951862, 0.306657, -0.306628, -0.951778

0.000006, 0.000008, 0.000001, 0.000006
-0.954881, 0.297123, -0.297096, -0.954797

0.000006, 0.000008, 0.000001, 0.000006
-0.957804, 0.287561, -0.287533, -0.957720

0.000006, 0.000008, 0.000001, 0.000006
-0.960631, 0.277969, -0.277942, -0.960547

0.000006, 0.000008, 0.000001, 0.000006
-0.963363, 0.268350, -0.268324, -0.963278

0.000006, 0.000008, 0.000001, 0.000006
-0.965998, 0.258703, -0.258678, -0.965913

0.000006, 0.000008, 0.000001, 0.000006
-0.968536, 0.249031, -0.249006, -0.968451

0.000006, 0.000008, 0.000001, 0.000006
-0.970978, 0.239334, -0.239310, -0.970892

0.000006, 0.000008, 0.000001, 0.000006
-0.973322, 0.229614, -0.229590, -0.973237

0.000006, 0.000008, 0.000001, 0.000006
-0.975570, 0.219870, -0.219847, -0.975484

0.000006, 0.000008, 0.000001, 0.000006
-0.977719, 0.210104, -0.210081, -0.977633

0.000006, 0.000008, 0.000001, 0.000006
-0.979771, 0.200317, -0.200295, -0.979685

0.000006, 0.000008, 0.000001, 0.000006
-0.981725, 0.190510, -0.190489, -0.981639

0.000006, 0.000008, 0.000001, 0.000006
-0.983581, 0.180684, -0.180664, -0.983495

0.000006, 0.000008, 0.000001, 0.000006
-0.985339, 0.170840, -0.170820, -0.985252

0.000006, 0.000008, 0.000000, 0.000006
-0.986998, 0.160979, -0.160960, -0.986911

0.000006, 0.000009, 0.000000, 0.000006
-0.988558, 0.151102, -0.151083, -0.988471

0.000006, 0.000009, 0.000000, 0.000006
-0.990019, 0.141210, -0.141192, -0.989932

0.000006, 0.000009, 0.000000, 0.000006
-0.991382, 0.131303, -0.131286, -0.991294

0.000006, 0.000009, 0.000000, 0.000006
-0.992645, 0.121384, -0.121367, -0.992558

0.000006, 0.000009, 0.000000, 0.000006
-0.993809, 0.111452, -0.111436, -0.993721

0.000006, 0.000009, 0.000000, 0.000006
-0.994874, 0.101509, -0.101494, -0.994786

0.000006, 0.000009, 0.000000, 0.000006
-0.995839, 0.091557, -0.091541, -0.995751

0.000006, 0.000009, 0.000000, 0.000006
-0.996704, 0.081594, -0.081580, -0.996617

0.000006, 0.000009, 0.000000, 0.000006
-0.997470, 0.071624, -0.071610, -0.997383

0.000006, 0.000009, 0.000000, 0.000006
-0.998137, 0.061647, -0.061633, -0.998049

0.000006, 0.000009, 0.000000, 0.000006
-0.998703, 0.051663, -0.051651, -0.998615

0.000006, 0.000009, 0.000000, 0.000006
-0.999170, 0.041674, -0.041662, -0.999082

0.000006, 0.000009, 0.000000, 0.000006
-0.999536, 0.031682, -0.031670, -0.999448

0.000006, 0.000009, 0.000000, 0.000006
-0.999803, 0.021686, -0.021675, -0.999715

0.000006, 0.000009, 0.000000, 0.000006
-0.999970, 0.011687, -0.011677, -0.999882

0.000006, 0.000009, 0.000000, 0.000006
-1.000037, 0.001688, -0.001678, -0.999949

0.000006, 0.000009, -0.000000, 0.000006
-1.000003, -0.008312, 0.008321, -0.999915

0.000006, 0.000010, -0.000000, 0.000006
-0.999870, -0.018310, 0.018319, -0.999782

0.000006, 0.000010, -0.000000, 0.000006
-0.999637, -0.028307, 0.028315, -0.999549

0.000006, 0.000010, -0.000000, 0.000006
-0.999304, -0.038301, 0.038308, -0.999216

0.000006, 0.000010, -0.000000, 0.000006
-0.998871, -0.048292, 0.048298, -0.998783

0.000006, 0.000010, -0.000000, 0.000006
-0.998338, -0.058277, 0.058283, -0.998250

0.000006, 0.000010, -0.000000, 0.000006
-0.997705, -0.068257, 0.068262, -0.997617

0.000006, 0.000010, -0.000000, 0.000006
-0.996973, -0.078229, 0.078234, -0.996885

0.000006, 0.000010, -0.000000, 0.000006
-0.996141, -0.088194, 0.088198, -0.996053

0.000006, 0.000010, -0.000000, 0.000006
-0.995209, -0.098150, 0.098154, -0.995121

0.000006, 0.000010, -0.000000, 0.000006
-0.994177, -0.108097, 0.108099, -0.994090

0.000006, 0.000010, -0.000000, 0.000006
-0.993047, -0.118032, 0.118034, -0.992959

0.000006, 0.000010, -0.000000, 0.000006
-0.991817, -0.127956, 0.127957, -0.991729

0.000006, 0.000010, -0.000000, 0.000006
-0.990488, -0.137867, 0.137868, -0.990400

0.000006, 0.000010, -0.000000, 0.000006
-0.989059, -0.147764, 0.147764, -0.988972

0.000006, 0.000010, -0.000000, 0.000006
-0.987532, -0.157646, 0.157646, -0.987445

0.000006, 0.000010, -0.000001, 0.000006
-0.985906, -0.167513, 0.167512, -0.985820

0.000006, 0.000010, -0.000001, 0.000006
-0.984182, -0.177363, 0.177361, -0.984095

0.000006, 0.000011, -0.000001, 0.000006
-0.982359, -0.187195, 0.187192, -0.982273

0.000006, 0.000011, -0.000001, 0.000006
-0.980438, -0.197008, 0.197005, -0.980352

0.000006, 0.000011, -0.000001, 0.000006
-0.978419, -0.206802, 0.206798, -0.978333

0.000006, 0.000011, -0.000001, 0.000006
-0.976302, -0.216575, 0.216571, -0.976216

0.000006, 0.000011, -0.000001, 0.000006
-0.974088, -0.226326, 0.226321, -0.974002

0.000006, 0.000011, -0.000001, 0.000006
-0.971776, -0.236055, 0.236050, -0.971690

0.000006, 0.000011, -0.000001, 0.000006
-0.969367, -0.245760, 0.245754, -0.969281

0.000006, 0.000011, -0.000001, 0.000006
-0.966861, -0.255440, 0.255434, -0.966776

0.000006, 0.000011, -0.000001, 0.000006
-0.964258, -0.265095, 0.265088, -0.964173

0.000006, 0.000011, -0.000001, 0.000006
-0.961559, -0.274724, 0.274716, -0.961474

0.000006, 0.000011, -0.000001, 0.000006
-0.958764, -0.284325, 0.284317, -0.958679

0.000006, 0.000011, -0.000001, 0.000006
-0.955873, -0.293898, 0.293889, -0.955788

0.000006, 0.000011, -0.000001, 0.000006
-0.952886, -0.303441, 0.303431, -0.952802

0.000006, 0.000011, -0.000001, 0.000006
-0.949804, -0.312954, 0.312944, -0.949720

0.000006, 0.000011, -0.000001, 0.000006
-0.946627, -0.322435, 0.322425, -0.946544

0.000006, 0.000011, -0.000001, 0.000006
-0.943356, -0.331884, 0.331873, -0.943272

0.000006, 0.000011, -0.000001, 0.000006
-0.939990, -0.341301, 0.341289, -0.939907

0.000006, 0.000012, -0.000001, 0.000006
-0.936530, -0.350683, 0.350670, -0.936447

0.000006, 0.000012, -0.000001, 0.000006
-0.932976, -0.360030, 0.360017, -0.932894

0.000006, 0.000012, -0.000001, 0.000006
-0.929329, -0.369340, 0.369327, -0.929248

0.000006, 0.000012, -0.000001, 0.000006
-0.925590, -0.378614, 0.378601, -0.925508

0.000006, 0.000012, -0.000001, 0.000006
-0.921757, -0.387851, 0.387836, -0.921676

0.000006, 0.000012, -0.000001, 0.000006
-0.917833, -0.397048, 0.397033, -0.917752

0.000006, 0.000012, -0.000001, 0.000006
-0.913817, -0.406206, 0.406190, -0.913736

0.000006, 0.000012, -0.000001, 0.000006
-0.909709, -0.415323, 0.415307, -0.909629

0.000006, 0.000012, -0.000001, 0.000006
-0.905511, -0.424398, 0.424382, -0.905431

0.000006, 0.000012, -0.000001, 0.000006
-0.901221, -0.433431, 0.433414, -0.901142

0.000006, 0.000012, -0.000001, 0.000006
-0.896842, -0.442421, 0.442404, -0.896763

0.000006, 0.000012, -0.000001, 0.000006
-0.892373, -0.451367, 0.451349, -0.892295

0.000006, 0.000012, -0.000001, 0.000006
-0.887815, -0.460267, 0.460249, -0.887737

0.000006, 0.000012, -0.000001, 0.000006
-0.883168, -0.469121, 0.469102, -0.883090

0.000006, 0.000012, -0.000001, 0.000006
-0.878433, -0.477929, 0.477909, -0.878356

0.000006, 0.000012, -0.000001, 0.000006
-0.873610, -0.486688, 0.486669, -0.873533

0.000006, 0.000012, -0.000001, 0.000006
-0.868700, -0.495399, 0.495379, -0.868623

0.000006, 0.000013, -0.000002, 0.000006
-0.863703, -0.504061, 0.504040, -0.863626

0.000006, 0.000013, -0.000002, 0.000006
-0.858619, -0.512672, 0.512651, -0.858543

0.000006, 0.000013, -0.000002, 0.000006
-0.853450, -0.521232, 0.521210, -0.853374

0.000006, 0.000013, -0.000002, 0.000006
-0.848195, -0.529739, 0.529717, -0.848120

0.000006, 0.000013, -0.000002, 0.000006
-0.842855, -0.538194, 0.538172, -0.842781

0.000006, 0.000013, -0.000002, 0.000006
-0.837431, -0.546595, 0.546572, -0.837357

0.000005, 0.000013, -0.000002, 0.000005
-0.831924, -0.554941, 0.554918, -0.831850

0.000005, 0.000013, -0.000002, 0.000005
-0.826333, -0.563232, 0.563208, -0.826260

0.000005, 0.000013, -0.000002, 0.000005
-0.820660, -0.571466, 0.571442, -0.820587

0.000005, 0.000013, -0.000002, 0.000005
-0.814904, -0.579644, 0.579619, -0.814832

0.000005, 0.000013, -0.000002, 0.000005
-0.809067, -0.587763, 0.587738, -0.808995

0.000005, 0.000013, -0.000002, 0.000005
-0.803149, -0.595824, 0.595798, -0.803078

0.000005, 0.000013, -0.000002, 0.000005
-0.797151, -0.603825, 0.603799, -0.797080

0.000005, 0.000013, -0.000002, 0.000005
-0.791074, -0.611765, 0.611739, -0.791003

0.000005, 0.000013, -0.000002, 0.000005
-0.784917, -0.619645, 0.619618, -0.784846

0.000005, 0.000013, -0.000002, 0.000005
-0.778681, -0.627462, 0.627435, -0.778612

0.000005, 0.000013, -0.000002, 0.000005
-0.772368, -0.635217, 0.635190, -0.772299

0.000005, 0.000013, -0.000002, 0.000005
-0.765977, -0.642908, 0.642881, -0.765909

0.000005, 0.000014, -0.000002, 0.000005
-0.759510, -0.650535, 0.650507, -0.759442

0.000005, 0.000014, -0.000002, 0.000005
-0.752967, -0.658097, 0.658069, -0.752900

0.000005, 0.000014, -0.000002, 0.000005
-0.746349, -0.665593, 0.665565, -0.746282

0.000005, 0.000014, -0.000002, 0.000005
-0.739656, -0.673023, 0.672994, -0.739589

0.000005, 0.000014, -0.000002, 0.000005
-0.732889, -0.680385, 0.680356, -0.732823

0.000005, 0.000014, -0.000002, 0.000005
-0.726049, -0.687679, 0.687650, -0.725983

0.000005, 0.000014, -0.000002, 0.000005
-0.719136, -0.694905, 0.694875, -0.719071

0.000005, 0.000014, -0.000002, 0.000005
-0.712151, -0.702061, 0.702030, -0.712087

0.000005, 0.000014, -0.000002, 0.000005
-0.705095, -0.709146, 0.709116, -0.705031

0.000005, 0.000014, -0.000002, 0.000005
-0.697969, -0.716161, 0.716131, -0.697906

0.000005, 0.000014, -0.000002, 0.000005
-0.690773, -0.723104, 0.723074, -0.690710

0.000005, 0.000014, -0.000002, 0.000005
-0.683508, -0.729975, 0.729944, -0.683445

0.000005, 0.000014, -0.000002, 0.000005
-0.676174, -0.736773, 0.736742, -0.676112

0.000005, 0.000014, -0.000002, 0.000005
-0.668773, -0.743498, 0.743466, -0.668711

0.000005, 0.000014, -0.000002, 0.000005
-0.661305, -0.750148, 0.750116, -0.661244

0.000005, 0.000014, -0.000002, 0.000005
-0.653770, -0.756723, 0.756690, -0.653710

0.000005, 0.000014, -0.000002, 0.000005
-0.646171, -0.763222, 0.763189, -0.646111

0.000005, 0.000014, -0.000002, 0.000005
-0.638507, -0.769645, 0.769612, -0.638448

0.000005, 0.000014, -0.000002, 0.000005
-0.630779, -0.775991, 0.775958, -0.630720

0.000005, 0.000014, -0.000002, 0.000005
-0.622987, -0.782259, 0.782226, -0.622929

0.000005, 0.000015, -0.000002, 0.000005
-0.615134, -0.788449, 0.788416, -0.615077

0.000005, 0.000015, -0.000002, 0.000005
-0.607219, -0.794561, 0.794527, -0.607162

0.000005, 0.000015, -0.000002, 0.000005
-0.599243, -0.800593, 0.800559, -0.599187

0.000005, 0.000015, -0.000002, 0.000005
-0.591208, -0.806544, 0.806511, -0.591152

0.000005, 0.000015, -0.000002, 0.000005
-0.583113, -0.812416, 0.812382, -0.583058

0.000005, 0.000015, -0.000002, 0.000005
-0.574960, -0.818206, 0.818172, -0.574906

0.000005, 0.000015, -0.000002, 0.000005
-0.566750, -0.823914, 0.823880, -0.566696

0.000005, 0.000015, -0.000002, 0.000005
-0.558483, -0.829540, 0.829505, -0.558429

0.000005, 0.000015, -0.000003, 0.000005
-0.550160, -0.835082, 0.835048, -0.550107

0.000005, 0.000015, -0.000003, 0.000005
-0.541782, -0.840542, 0.840507, -0.541729

0.000005, 0.000015, -0.000003, 0.000005
-0.533350, -0.845917, 0.845882, -0.533298

0.000005, 0.000015, -0.000003, 0.000005
-0.524864, -0.851208, 0.851173, -0.524813

0.000005, 0.000015, -0.000003, 0.000005
-0.516326, -0.856413, 0.856378, -0.516276

0.000005, 0.000015, -0.000003, 0.000005
-0.507737, -0.861533, 0.861498, -0.507687

0.000004, 0.000015, -0.000003, 0.000004
-0.499096, -0.866567, 0.866532, -0.499047

0.000004, 0.000015, -0.000003, 0.000004
-0.490406, -0.871514, 0.871479, -0.490357

0.000004, 0.000015, -0.000003, 0.000004
-0.481667, -0.876374, 0.876339, -0.481618

0.000004, 0.000015, -0.000003, 0.000004
-0.472879, -0.881146, 0.881111, -0.472831

0.000004, 0.000015, -0.000003, 0.000004
-0.464044, -0.885831, 0.885795, -0.463997

0.000004, 0.000015, -0.000003, 0.000004
-0.455163, -0.890426, 0.890391, -0.455117

0.000004, 0.000015, -0.000003, 0.000004
-0.446237, -0.894933, 0.894898, -0.446191

0.000004, 0.000015, -0.000003, 0.000004
-0.437265, -0.899350, 0.899315, -0.437220

0.000004, 0.000016, -0.000003, 0.000004
-0.428250, -0.903677, 0.903642, -0.428205

0.000004, 0.000016, -0.000003, 0.000004
-0.419192, -0.907914, 0.907879, -0.419148

0.000004, 0.000016, -0.000003, 0.000004
-0.410093, -0.912060, 0.912025, -0.410049

0.000004, 0.000016, -0.000003, 0.000004
-0.400952, -0.916115, 0.916080, -0.400909

0.000004, 0.000016, -0.000003, 0.000004
-0.391771, -0.920079, 0.920043, -0.391728

0.000004, 0.000016, -0.000003, 0.000004
-0.382551, -0.923950, 0.923914, -0.382509

0.000004, 0.000016, -0.000003, 0.000004
-0.373293, -0.927729, 0.927693, -0.373251

0.000004, 0.000016, -0.000003, 0.000004
-0.363997, -0.931415, 0.931379, -0.363956

0.000004, 0.000016, -0.000003, 0.000004
-0.354665, -0.935008, 0.934972, -0.354625

0.000004, 0.000016, -0.000003, 0.000004
-0.345298, -0.938507, 0.938472, -0.345258

0.000004, 0.000016, -0.000003, 0.000004
-0.335896, -0.941913, 0.941878, -0.335857

0.000004, 0.000016, -0.000003, 0.000004
-0.326460, -0.945224, 0.945189, -0.326421

0.000004, 0.000016, -0.000003, 0.000004
-0.316992, -0.948441, 0.948406, -0.316954

0.000004, 0.000016, -0.000003, 0.000004
-0.307492, -0.951564, 0.951528, -0.307454

0.000004, 0.000016, -0.000003, 0.000004
-0.297961, -0.954591, 0.954555, -0.297924

0.000004, 0.000016, -0.000003, 0.000004
-0.288401, -0.957522, 0.957487, -0.288364

0.000004, 0.000016, -0.000003, 0.000004
-0.278812, -0.960358, 0.960323, -0.278776

0.000004, 0.000016, -0.000003, 0.000004
-0.269195, -0.963098, 0.963063, -0.269159

0.000004, 0.000016, -0.000003, 0.000004
-0.259550, -0.965741, 0.965706, -0.259516

0.000004, 0.000016, -0.000003, 0.000004
-0.249880, -0.968288, 0.968253, -0.249846

0.000004, 0.000016, -0.000003, 0.000004
-0.240185, -0.970738, 0.970703, -0.240152

0.000004, 0.000016, -0.000003, 0.000004
-0.230466, -0.973091, 0.973057, -0.230433

0.000004, 0.000016, -0.000003, 0.000004
-0.220724, -0.975347, 0.975312, -0.220691

0.000004, 0.000016, -0.000003, 0.000004
-0.210960, -0.977505, 0.977471, -0.210928

0.000004, 0.000016, -0.000003, 0.000004
-0.201175, -0.979565, 0.979531, -0.201143

0.000004, 0.000017, -0.000003, 0.000004
-0.191369, -0.981528, 0.981494, -0.191338

0.000004, 0.000017, -0.000003, 0.000004
-0.181545, -0.983392, 0.983358, -0.181514

0.000004, 0.000017, -0.000003, 0.000004
-0.171702, -0.985158, 0.985124, -0.171672

0.000003, 0.000017, -0.000003, 0.000003
-0.161842, -0.986825, 0.986792, -0.161813

0.000003, 0.000017, -0.000003, 0.000003
-0.151966, -0.988394, 0.988361, -0.151937

0.000003, 0.000017, -0.000003, 0.000003
-0.142075, -0.989864, 0.989831, -0.142047

0.000003, 0.000017, -0.000003, 0.000003
-0.132170, -0.991235, 0.991202, -0.132142

0.000003, 0.000017, -0.000003, 0.000003
-0.122251, -0.992507, 0.992474, -0.122223

0.000003, 0.000017, -0.000003, 0.000003
-0.112320, -0.993680, 0.993647, -0.112293

0.000003, 0.000017, -0.000003, 0.000003
-0.102378, -0.994753, 0.994721, -0.102351

0.000003, 0.000017, -0.000003, 0.000003
-0.092426, -0.995727, 0.995695, -0.092400

0.000003, 0.000017, -0.000003, 0.000003
-0.082464, -0.996601, 0.996569, -0.082439

0.000003, 0.000017, -0.000003, 0.000003
-0.072495, -0.997375, 0.997344, -0.072469

0.000003, 0.000017, -0.000003, 0.000003
-0.062517, -0.998050, 0.998019, -0.062493

0.000003, 0.000017, -0.000003, 0.000003
-0.052534, -0.998625, 0.998594, -0.052510

0.000003, 0.000017, -0.000003, 0.000003
-0.042546, -0.999100, 0.999069, -0.042522

0.000003, 0.000017, -0.000003, 0.000003
-0.032553, -0.999476, 0.999445, -0.032529

0.000003, 0.000017, -0.000003, 0.000003
-0.022557, -0.999751, 0.999721, -0.022534

0.000003, 0.000017, -0.000003, 0.000003
-0.012558, -0.999926, 0.999896, -0.012536

0.000003, 0.000017, -0.000003, 0.000003
-0.002559, -1.000002, 0.999972, -0.002537

0.000003, 0.000017, -0.000003, 0.000003
0.007441, -0.999977, 0.999947, 0.007463

0.000003, 0.000017, -0.000003, 0.000003
0.017440, -0.999852, 0.999823, 0.017461

0.000003, 0.000017, -0.000003, 0.000003
0.027438, -0.999628, 0.999599, 0.027458

0.000003, 0.000017, -0.000003, 0.000003
0.037432, -0.999303, 0.999274, 0.037453

0.000003, 0.000017, -0.000003, 0.000003
0.047423, -0.998879, 0.998850, 0.047443

0.000003, 0.000017, -0.000003, 0.000003
0.057409, -0.998354, 0.998326, 0.057429

0.000003, 0.000017, -0.000003, 0.000003
0.067390, -0.997730, 0.997702, 0.067409

0.000003, 0.000017, -0.000003, 0.000003
0.077363, -0.997006, 0.996978, 0.077382

0.000003, 0.000017, -0.000003, 0.000003
0.087329, -0.996183, 0.996155, 0.087347

0.000003, 0.000017, -0.000003, 0.000003
0.097286, -0.995259, 0.995232, 0.097304

0.000003, 0.000017, -0.000003, 0.000003
0.107234, -0.994236, 0.994210, 0.107251

0.000003, 0.000017, -0.000003, 0.000003
0.117170, -0.993114, 0.993088, 0.117188

0.000003, 0.000017, -0.000003, 0.000003
0.127096, -0.991893, 0.991866, 0.127112

0.000003, 0.000018, -0.000003, 0.000003
0.137008, -0.990572, 0.990546, 0.137024

0.000003, 0.000018, -0.000003, 0.000003
0.146906, -0.989152, 0.989126, 0.146922

0.000003, 0.000018, -0.000003, 0.000003
0.156790, -0.987634, 0.987608, 0.156806

0.000003, 0.000018, -0.000003, 0.000002
0.166659, -0.986016, 0.985991, 0.166674

0.000002, 0.000018, -0.000003, 0.000002
0.176510, -0.984300, 0.984275, 0.176525

0.000002, 0.000018, -0.000003, 0.000002
0.186344, -0.982486, 0.982461, 0.186359

0.000002, 0.000018, -0.000003, 0.000002
0.196159, -0.980573, 0.980549, 0.196174

0.000002, 0.000018, -0.000003, 0.000002
0.205955, -0.978562, 0.978538, 0.205969

0.000002, 0.000018, -0.000003, 0.000002
0.215730, -0.976453, 0.976430, 0.215744

0.000002, 0.000018, -0.000003, 0.000002
0.225484, -0.974247, 0.974224, 0.225497

0.000002, 0.000018, -0.000003, 0.000002
0.235215, -0.971944, 0.971921, 0.235228

0.000002, 0.000018, -0.000003, 0.000002
0.244922, -0.969543, 0.969520, 0.244935

0.000002, 0.000018, -0.000003, 0.000002
0.254605, -0.967045, 0.967023, 0.254617

0.000002, 0.000018, -0.000003, 0.000002
0.264263, -0.964450, 0.964428, 0.264274

0.000002, 0.000018, -0.000003, 0.000002
0.273894, -0.961759, 0.961738, 0.273905

0.000002, 0.000018, -0.000003, 0.000002
0.283497, -0.958972, 0.958951, 0.283509

0.000002, 0.000018, -0.000003, 0.000002
0.293073, -0.956089, 0.956068, 0.293084

0.000002, 0.000018, -0.000003, 0.000002
0.302619, -0.953111, 0.953090, 0.302629

0.000002, 0.000018, -0.000003, 0.000002
0.312134, -0.950037, 0.950016, 0.312145

0.000002, 0.000018, -0.000003, 0.000002
0.321619, -0.946868, 0.946848, 0.321629

0.000002, 0.000018, -0.000003, 0.000002
0.331071, -0.943604, 0.943585, 0.331081

0.000002, 0.000018, -0.000003, 0.000002
0.340491, -0.940246, 0.940227, 0.340500

0.000002, 0.000018, -0.000003, 0.000002
0.349876, -0.936794, 0.936775, 0.349885

0.000002, 0.000018, -0.000003, 0.000002
0.359226, -0.933248, 0.933230, 0.359235

0.000002, 0.000018, -0.000003, 0.000002
0.368541, -0.929609, 0.929591, 0.368549

0.000002, 0.000018, -0.000003, 0.000002
0.377818, -0.925877, 0.925860, 0.377827

0.000002, 0.000018, -0.000003, 0.000002
0.387058, -0.922053, 0.922035, 0.387066

0.000002, 0.000018, -0.000003, 0.000002
0.396259, -0.918136, 0.918119, 0.396267

0.000002, 0.000018, -0.000003, 0.000002
0.405420, -0.914127, 0.914111, 0.405428

0.000002, 0.000018, -0.000003, 0.000002
0.414541, -0.910027, 0.910011, 0.414548

0.000002, 0.000018, -0.000003, 0.000002
0.423620, -0.905836, 0.905821, 0.423628

0.000002, 0.000018, -0.000003, 0.000002
0.432657, -0.901555, 0.901539, 0.432664

0.000002, 0.000018, -0.000003, 0.000002
0.441651, -0.897183, 0.897168, 0.441658

0.000002, 0.000018, -0.000003, 0.000002
0.450601, -0.892722, 0.892707, 0.450607

0.000002, 0.000018, -0.000003, 0.000002
0.459505, -0.888171, 0.888157, 0.459512

0.000002, 0.000018, -0.000003, 0.000002
0.468364, -0.883532, 0.883517, 0.468370

0.000002, 0.000018, -0.000003, 0.000002
0.477176, -0.878804, 0.878790, 0.477182

0.000002, 0.000018, -0.000003, 0.000002
0.485940, -0.873988, 0.873974, 0.485945

0.000002, 0.000018, -0.000003, 0.000002
0.494655, -0.869085, 0.869072, 0.494661

0.000001, 0.000018, -0.000003, 0.000001
0.503321, -0.864095, 0.864082, 0.503326

0.000001, 0.000018, -0.000003, 0.000001
0.511937, -0.859018, 0.859006, 0.511942

0.000001, 0.000018, -0.000003, 0.000001
0.520501, -0.853856, 0.853844, 0.520506

0.000001, 0.000018, -0.000003, 0.000001
0.529014, -0.848608, 0.848596, 0.529018

0.000001, 0.000018, -0.000003, 0.000001
0.537473, -0.843275, 0.843264, 0.537478

0.000001, 0.000018, -0.000003, 0.000001
0.545879, -0.837859, 0.837848, 0.545883

0.000001, 0.000018, -0.000002, 0.000001
0.554230, -0.832358, 0.832347, 0.554234

0.000001, 0.000018, -0.000002, 0.000001
0.562526, -0.826774, 0.826764, 0.562530

0.000001, 0.000018, -0.000002, 0.000001
0.570765, -0.821107, 0.821097, 0.570769

0.000001, 0.000018, -0.000002, 0.000001
0.578948, -0.815358, 0.815349, 0.578952

0.000001, 0.000018, -0.000002, 0.000001
0.587072, -0.809528, 0.809519, 0.587076

0.000001, 0.000018, -0.000002, 0.000001
0.595138, -0.803617, 0.803608, 0.595142

0.000001, 0.000018, -0.000002, 0.000001
0.603144, -0.797625, 0.797617, 0.603148

0.000001, 0.000018, -0.000002, 0.000001
0.611090, -0.791554, 0.791546, 0.611094

0.000001, 0.000018, -0.000002, 0.000001
0.618975, -0.785403, 0.785396, 0.618979

0.000001, 0.000019, -0.000002, 0.000001
0.626798, -0.779174, 0.779167, 0.626801

0.000001, 0.000019, -0.000002, 0.000001
0.634559, -0.772867, 0.772860, 0.634562

0.000001, 0.000019, -0.000002, 0.000001
0.642256, -0.766483, 0.766477, 0.642258

0.000001, 0.000019, -0.000002, 0.000001
0.649888, -0.760022, 0.760016, 0.649891

0.000001, 0.000019, -0.000002, 0.000001
0.657456, -0.753485, 0.753479, 0.657459

0.000001, 0.000019, -0.000002, 0.000001
0.664958, -0.746873, 0.746867, 0.664960

0.000001, 0.000019, -0.000002, 0.000001
0.672393, -0.740186, 0.740181, 0.672396

0.000001, 0.000019, -0.000002, 0.000001
0.679761, -0.733425, 0.733420, 0.679764

0.000001, 0.000019, -0.000002, 0.000001
0.687062, -0.726591, 0.726586, 0.687064

0.000001, 0.000019, -0.000002, 0.000001
0.694293, -0.719684, 0.719680, 0.694295

0.000001, 0.000019, -0.000002, 0.000001
0.701455, -0.712705, 0.712701, 0.701457

0.000001, 0.000019, -0.000002, 0.000001
0.708547, -0.705655, 0.705651, 0.708549

0.000001, 0.000019, -0.000002, 0.000001
0.715568, -0.698534, 0.698531, 0.715570

0.000001, 0.000019, -0.000002, 0.000001
0.722518, -0.691343, 0.691340, 0.722520

0.000001, 0.000019, -0.000002, 0.000001
0.729395, -0.684084, 0.684081, 0.729397

0.000001, 0.000019, -0.000002, 0.000001
0.736199, -0.676755, 0.676753, 0.736201

0.000001, 0.000019, -0.000002, 0.000001
0.742930, -0.669360, 0.669358, 0.742932

0.000001, 0.000019, -0.000002, 0.000001
0.749587, -0.661897, 0.661895, 0.749588

0.000001, 0.000019, -0.000002, 0.000001
0.756168, -0.654368, 0.654367, 0.756169

0.000001, 0.000019, -0.000002, 0.000001
0.762674, -0.646773, 0.646773, 0.762675

0.000001, 0.000019, -0.000002, 0.000001
0.769104, -0.639114, 0.639114, 0.769105

0.000001, 0.000019, -0.000002, 0.000001
0.775456, -0.631391, 0.631391, 0.775457

0.000001, 0.000019, -0.000002, 0.000001
0.781731, -0.623605, 0.623605, 0.781732

0.000001, 0.000019, -0.000002, 0.000001
0.787928, -0.615757, 0.615757, 0.787929

0.000001, 0.000019, -0.000002, 0.000001
0.794046, -0.607847, 0.607847, 0.794047

0.000001, 0.000019, -0.000002, 0.000001
0.800085, -0.599876, 0.599877, 0.800086

0.000001, 0.000019, -0.000002, 0.000001
0.806044, -0.591845, 0.591846, 0.806045

0.000001, 0.000019, -0.000002, 0.000001
0.811922, -0.583755, 0.583757, 0.811923

0.000001, 0.000019, -0.000002, 0.000001
0.817719, -0.575606, 0.575608, 0.817720

0.000001, 0.000019, -0.000002, 0.000001
0.823434, -0.567400, 0.567403, 0.823435

0.000001, 0.000019, -0.000002, 0.000001
0.829067, -0.559138, 0.559140, 0.829068

0.000000, 0.000019, -0.000002, 0.000000
0.834617, -0.550819, 0.550822, 0.834618

0.000000, 0.000019, -0.000002, 0.000000
0.840084, -0.542445, 0.542449, 0.840084

0.000000, 0.000019, -0.000002, 0.000000
0.845466, -0.534017, 0.534021, 0.845467

0.000000, 0.000019, -0.000002, 0.000000
0.850764, -0.525536, 0.525540, 0.850765

0.000000, 0.000019, -0.000002, 0.000000
0.855977, -0.517002, 0.517006, 0.855977

0.000000, 0.000019, -0.000002, 0.000000
0.861104, -0.508416, 0.508421, 0.861105

0.000000, 0.000019, -0.000001, 0.000000
0.866145, -0.499780, 0.499785, 0.866146

0.000000, 0.000019, -0.000001, 0.000000
0.871100, -0.491094, 0.491099, 0.871100

0.000000, 0.000019, -0.000001, 0.000000
0.875967, -0.482358, 0.482363, 0.875968

0.000000, 0.000019, -0.000001, 0.000000
0.880747, -0.473574, 0.473580, 0.880747

0.000000, 0.000019, -0.000001, 0.000000
0.885439, -0.464743, 0.464749, 0.885439

0.000000, 0.000019, -0.000001, 0.000000
0.890042, -0.455865, 0.455872, 0.890042

0.000000, 0.000019, -0.000001, 0.000000
0.894556, -0.446942, 0.446949, 0.894557

0.000000, 0.000019, -0.000001, 0.000000
0.898981, -0.437974, 0.437981, 0.898981

0.000000, 0.000019, -0.000001, 0.000000
0.903316, -0.428963, 0.428970, 0.903316

0.000000, 0.000019, -0.000001, 0.000000
0.907561, -0.419908, 0.419915, 0.907561

0.000000, 0.000019, -0.000001, 0.000000
0.911714, -0.410811, 0.410819, 0.911714

0.000000, 0.000019, -0.000001, 0.000000
0.915777, -0.401674, 0.401682, 0.915777

0.000000, 0.000019, -0.000001, 0.000000
0.919748, -0.392496, 0.392504, 0.919748

0.000000, 0.000019, -0.000001, 0.000000
0.923627, -0.383279, 0.383287, 0.923627

0.000000, 0.000019, -0.000001, 0.000000
0.927414, -0.374023, 0.374032, 0.927414

0.000000, 0.000019, -0.000001, 0.000000
0.931108, -0.364730, 0.364740, 0.931108

0.000000, 0.000019, -0.000001, 0.000000
0.934708, -0.355401, 0.355411, 0.934709

0.000000, 0.000019, -0.000001, 0.000000
0.938216, -0.346036, 0.346046, 0.938216

0.000000, 0.000019, -0.000001, 0.000000
0.941629, -0.336637, 0.336647, 0.941629

0.000000, 0.000019, -0.000001, 0.000000
0.944949, -0.327204, 0.327214, 0.944949

0.000000, 0.000019, -0.000001, 0.000000
0.948174, -0.317738, 0.317748, 0.948174

0.000000, 0.000019, -0.000001, 0.000000
0.951304, -0.308240, 0.308251, 0.951304

0.000000, 0.000019, -0.000001, 0.000000
0.954339, -0.298712, 0.298723, 0.954339

0.000000, 0.000019, -0.000001, 0.000000
0.957278, -0.289153, 0.289165, 0.957278

0.000000, 0.000019, -0.000001, 0.000000
0.960122, -0.279566, 0.279578, 0.960122

0.000000, 0.000019, -0.000001, 0.000000
0.962870, -0.269951, 0.269963, 0.962870

0.000000, 0.000019, -0.000001, 0.000000
0.965521, -0.260309, 0.260321, 0.965521

0.000000, 0.000019, -0.000001, 0.000000
0.968076, -0.250641, 0.250653, 0.968076

0.000000, 0.000019, -0.000001, 0.000000
0.970534, -0.240947, 0.240960, 0.970534

0.000000, 0.000019, -0.000001, 0.000000
0.972895, -0.231230, 0.231243, 0.972895

0.000000, 0.000019, -0.000001, 0.000000
0.975159, -0.221489, 0.221503, 0.975159

0.000000, 0.000019, -0.000001, 0.000000
0.977325, -0.211727, 0.211740, 0.977325

0.000000, 0.000019, -0.000001, 0.000000
0.979394, -0.201943, 0.201957, 0.979394

0.000000, 0.000019, -0.000001, 0.000000
0.981365, -0.192139, 0.192153, 0.981365

0.000000, 0.000019, -0.000001, 0.000000
0.983237, -0.182316, 0.182330, 0.983237

0.000000, 0.000019, -0.000001, 0.000000
0.985011, -0.172474, 0.172489, 0.985011

0.000000, 0.000019, -0.000000, 0.000000
0.986687, -0.162615, 0.162630, 0.986687

0.000000, 0.000019, -0.000000, 0.000000
0.988264, -0.152740, 0.152755, 0.988264

0.000000, 0.000019, -0.000000, 0.000000
0.989742, -0.142850, 0.142865, 0.989742

0.000000, 0.000019, -0.000000, 0.000000
0.991121, -0.132945, 0.132961, 0.991121

0.000000, 0.000019, -0.000000, 0.000000
0.992401, -0.123028, 0.123043, 0.992401

0.000000, 0.000019, -0.000000, 0.000000
0.993582, -0.113097, 0.113113, 0.993582

0.000000, 0.000019, -0.000000, 0.000000
0.994663, -0.103156, 0.103172, 0.994663

0.000000, 0.000019, -0.000000, 0.000000
0.995645, -0.093204, 0.093221, 0.995645

0.000000, 0.000019, -0.000000, 0.000000
0.996528, -0.083243, 0.083260, 0.996528

0.000000, 0.000019, -0.000000, 0.000000
0.997311, -0.073274, 0.073291, 0.997311

0.000000, 0.000019, -0.000000, 0.000000
0.997994, -0.063297, 0.063314, 0.997994

0.000000, 0.000019, -0.000000, 0.000000
0.998577, -0.053314, 0.053331, 0.998577

0.000000, 0.000019, -0.000000, 0.000000
0.999060, -0.043325, 0.043343, 0.999060

0.000000, 0.000019, -0.000000, 0.000000
0.999444, -0.033333, 0.033351, 0.999444

0.000000, 0.000019, -0.000000, 0.000000
0.999727, -0.023336, 0.023355, 0.999727

0.000000, 0.000019, -0.000000, 0.000000
0.999911, -0.013338, 0.013357, 0.999911

0.000000, 0.000019, -0.000000, 0.000000
0.999994, -0.003338, 0.003357, 0.999994

0.000000, 0.000019, 0.000000, 0.000000
0.999978, 0.006662, -0.006643, 0.999978

0.000000, 0.000019, 0.000000, 0.000000
0.999862, 0.016661, -0.016642, 0.999862

0.000000, 0.000019, 0.000000, 0.000000
0.999645, 0.026659, -0.026640, 0.999645

0.000000, 0.000019, 0.000000, 0.000000
0.999329, 0.036654, -0.036634, 0.999329

0.000000, 0.000019, 0.000000, 0.000000
0.998912, 0.046646, -0.046626, 0.998912

0.000000, 0.000019, 0.000000, 0.000000
0.998396, 0.056632, -0.056612, 0.998396

0.000000, 0.000019, 0.000000, 0.000000
0.997780, 0.066614, -0.066593, 0.997780

0.000000, 0.000019, 0.000000, 0.000000
0.997064, 0.076588, -0.076567, 0.997064

0.000000, 0.000019, 0.000000, 0.000000
0.996249, 0.086555, -0.086534, 0.996249

0.000000, 0.000019, 0.000000, 0.000000
0.995334, 0.096513, -0.096492, 0.995334

0.000000, 0.000019, 0.000000, 0.000000
0.994319, 0.106462, -0.106440, 0.994319

0.000000, 0.000019, 0.000000, 0.000000
0.993205, 0.116399, -0.116378, 0.993205

0.000000, 0.000019, 0.000000, 0.000000
0.991991, 0.126326, -0.126304, 0.991991

0.000000, 0.000019, 0.000000, 0.000000
0.990679, 0.136239, -0.136217, 0.990679

0.000000, 0.000019, 0.000000, 0.000000
0.989267, 0.146139, -0.146117, 0.989267

0.000000, 0.000019, 0.000000, 0.000000
0.987756, 0.156025, -0.156002, 0.987756

0.000000, 0.000019, 0.000000, 0.000000
0.986147, 0.165894, -0.165871, 0.986147

0.000000, 0.000019, 0.000001, 0.000000
0.984439, 0.175748, -0.175724, 0.984439

0.000000, 0.000019, 0.000001, 0.000000
0.982633, 0.185583, -0.185560, 0.982633

0.000000, 0.000019, 0.000001, 0.000000
0.980728, 0.195400, -0.195376, 0.980728

0.000000, 0.000019, 0.000001, 0.000000
0.978725, 0.205198, -0.205174, 0.978725

0.000000, 0.000019, 0.000001, 0.000000
0.976624, 0.214975, -0.214950, 0.976624

0.000000, 0.000019, 0.000001, 0.000000
0.974426, 0.224730, -0.224706, 0.974426

0.000000, 0.000019, 0.000001, 0.000000
0.972130, 0.234463, -0.234438, 0.972130

0.000000, 0.000019, 0.000001, 0.000000
0.969737, 0.244173, -0.244148, 0.969737

0.000000, 0.000019, 0.000001, 0.000000
0.967247, 0.253858, -0.253833, 0.967247

0.000000, 0.000019, 0.000001, 0.000000
0.964661, 0.263518, -0.263492, 0.964661

0.000000, 0.000019, 0.000001, 0.000000
0.961977, 0.273151, -0.273125, 0.961977

0.000000, 0.000019, 0.000001, 0.000000
0.959198, 0.282757, -0.282731, 0.959198

0.000000, 0.000019, 0.000001, 0.000000
0.956323, 0.292335, -0.292309, 0.956323

0.000000, 0.000019, 0.000001, 0.000000
0.953352, 0.301884, -0.301857, 0.953352

0.000000, 0.000019, 0.000001, 0.000000
0.950286, 0.311402, -0.311375, 0.950286

0.000000, 0.000019, 0.000001, 0.000000
0.947124, 0.320889, -0.320862, 0.947124

0.000000, 0.000019, 0.000001, 0.000000
0.943868, 0.330345, -0.330317, 0.943869

0.000000, 0.000019, 0.000001, 0.000000
0.940518, 0.339767, -0.339739, 0.940518

0.000000, 0.000019, 0.000001, 0.000000
0.937074, 0.349155, -0.349127, 0.937074

0.000000, 0.000019, 0.000001, 0.000000
0.933536, 0.358508, -0.358480, 0.933536

0.000000, 0.000019, 0.000001, 0.000000
0.929904, 0.367826, -0.367797, 0.929904

0.000000, 0.000019, 0.000001, 0.000000
0.926180, 0.377106, -0.377077, 0.926180

0.000000, 0.000019, 0.000001, 0.000000
0.922363, 0.386349, -0.386320, 0.922363

0.000000, 0.000019, 0.000001, 0.000000
0.918453, 0.395554, -0.395524, 0.918453

0.000000, 0.000019, 0.000001, 0.000000
0.914452, 0.404718, -0.404689, 0.914452

0.000000, 0.000019, 0.000001, 0.000000
0.910359, 0.413843, -0.413813, 0.910360

0.000000, 0.000019, 0.000001, 0.000000
0.906176, 0.422926, -0.422895, 0.906176

0.000000, 0.000019, 0.000001, 0.000000
0.901902, 0.431966, -0.431936, 0.901902

0.000000, 0.000019, 0.000001, 0.000000
0.897537, 0.440964, -0.440933, 0.897537

0.000000, 0.000019, 0.000001, 0.000000
0.893083, 0.449917, -0.449886, 0.893083

0.000000, 0.000019, 0.000001, 0.000000
0.888539, 0.458825, -0.458794, 0.888540

0.000000, 0.000019, 0.000001, 0.000000
0.883907, 0.467688, -0.467656, 0.883907

0.000000, 0.000019, 0.000001, 0.000000
0.879186, 0.476503, -0.476471, 0.879187

0.000000, 0.000019, 0.000001, 0.000000
0.874378, 0.485271, -0.485239, 0.874378

0.000000, 0.000019, 0.000001, 0.000000
0.869481, 0.493991, -0.493958, 0.869482

0.000000, 0.000019, 0.000002, 0.000000
0.864498, 0.502661, -0.502628, 0.864499

0.000000, 0.000019, 0.000002, 0.000000
0.859429, 0.511281, -0.511248, 0.859429

0.000000, 0.000019, 0.000002, 0.000000
0.854273, 0.519850, -0.519816, 0.854274

0.000000, 0.000019, 0.000002, 0.000000
0.849033, 0.528366, -0.528333, 0.849033

0.000000, 0.000019, 0.000002, 0.000000
0.843707, 0.536830, -0.536796, 0.843707

0.000000, 0.000019, 0.000002, 0.000000
0.838297, 0.545241, -0.545206, 0.838297

0.000001, 0.000019, 0.000002, 0.000001
0.832803, 0.553596, -0.553561, 0.832803

0.000001, 0.000019, 0.000002, 0.000001
0.827225, 0.561897, -0.561862, 0.827226

0.000001, 0.000019, 0.000002, 0.000001
0.821565, 0.570141, -0.570105, 0.821566

0.000001, 0.000019, 0.000002, 0.000001
0.815823, 0.578328, -0.578292, 0.815824

0.000001, 0.000019, 0.000002, 0.000001
0.810000, 0.586457, -0.586421, 0.810000

0.000001, 0.000019, 0.000002, 0.000001
0.804095, 0.594528, -0.594492, 0.804096

0.000001, 0.000019, 0.000002, 0.000001
0.798110, 0.602539, -0.602503, 0.798111

0.000001, 0.000019, 0.000002, 0.000001
0.792045, 0.610490, -0.610453, 0.792046

0.000001, 0.000019, 0.000002, 0.000001
0.785901, 0.618380, -0.618343, 0.785902

0.000001, 0.000019, 0.000002, 0.000001
0.779678, 0.626208, -0.626171, 0.779679

0.000001, 0.000019, 0.000002, 0.000001
0.773377, 0.633974, -0.633936, 0.773378

0.000001, 0.000019, 0.000002, 0.000001
0.766999, 0.641676, -0.641637, 0.767000

0.000001, 0.000019, 0.000002, 0.000001
0.760545, 0.649314, -0.649275, 0.760546

0.000001, 0.000019, 0.000002, 0.000001
0.754014, 0.656887, -0.656848, 0.754015

0.000001, 0.000019, 0.000002, 0.000001
0.747408, 0.664394, -0.664355, 0.747409

0.000001, 0.000019, 0.000002, 0.000001
0.740727, 0.671835, -0.671795, 0.740728

0.000001, 0.000019, 0.000002, 0.000001
0.733972, 0.679209, -0.679169, 0.733973

0.000001, 0.000019, 0.000002, 0.000001
0.727143, 0.686514, -0.686474, 0.727145

0.000001, 0.000019, 0.000002, 0.000001
0.720242, 0.693751, -0.693711, 0.720244

0.000001, 0.000019, 0.000002, 0.000001
0.713269, 0.700919, -0.700878, 0.713271

0.000001, 0.000019, 0.000002, 0.000001
0.706225, 0.708017, -0.707976, 0.706227

0.000001, 0.000019, 0.000002, 0.000001
0.699110, 0.715044, -0.715002, 0.699112

0.000001, 0.000019, 0.000002, 0.000001
0.691925, 0.721999, -0.721957, 0.691927

0.000001, 0.000019, 0.000002, 0.000001
0.684670, 0.728882, -0.728840, 0.684673

0.000001, 0.000019, 0.000002, 0.000001
0.677348, 0.735693, -0.735650, 0.677350

0.000001, 0.000019, 0.000002, 0.000001
0.669957, 0.742429, -0.742386, 0.669960

0.000001, 0.000019, 0.000002, 0.000001
0.662500, 0.749092, -0.749048, 0.662503

0.000001, 0.000019, 0.000002, 0.000001
0.654976, 0.755679, -0.755636, 0.654979

0.000001, 0.000019, 0.000002, 0.000001
0.647387, 0.762191, -0.762147, 0.647390

0.000001, 0.000019, 0.000002, 0.000001
0.639734, 0.768627, -0.768583, 0.639736

0.000001, 0.000019, 0.000002, 0.000001
0.632016, 0.774986, -0.774941, 0.632019

0.000001, 0.000019, 0.000002, 0.000001
0.624235, 0.781268, -0.781222, 0.624238

0.000001, 0.000019, 0.000002, 0.000001
0.616391, 0.787471, -0.787425, 0.616395

0.000001, 0.000019, 0.000002, 0.000001
0.608486, 0.793595, -0.793550, 0.608490

0.000001, 0.000019, 0.000002, 0.000001
0.600520, 0.799641, -0.799594, 0.600524

0.000001, 0.000019, 0.000002, 0.000001
0.592494, 0.805606, -0.805559, 0.592498

0.000001, 0.000019, 0.000002, 0.000001
0.584409, 0.811491, -0.811444, 0.584413

0.000001, 0.000019, 0.000002, 0.000001
0.576265, 0.817294, -0.817247, 0.576269

0.000001, 0.000019, 0.000002, 0.000001
0.568064, 0.823016, -0.822968, 0.568068

0.000001, 0.000019, 0.000002, 0.000001
0.559806, 0.828656, -0.828607, 0.559810

0.000001, 0.000019, 0.000003, 0.000001
0.551492, 0.834212, -0.834164, 0.551496

0.000001, 0.000019, 0.000003, 0.000001
0.543123, 0.839685, -0.839637, 0.543127

0.000001, 0.000019, 0.000003, 0.000001
0.534699, 0.845075, -0.845026, 0.534704

0.000001, 0.000019, 0.000003, 0.000001
0.526222, 0.850380, -0.850330, 0.526227

0.000001, 0.000019, 0.000003, 0.000001
0.517693, 0.855599, -0.855549, 0.517698

0.000001, 0.000019, 0.000003, 0.000001
0.509111, 0.860733, -0.860683, 0.509117

0.000001, 0.000019, 0.000003, 0.000001
0.500479, 0.865782, -0.865731, 0.500484

0.000002, 0.000019, 0.000003, 0.000002
0.491797, 0.870743, -0.870692, 0.491802

0.000002, 0.000019, 0.000003, 0.000002
0.483065, 0.875618, -0.875566, 0.483071

0.000002, 0.000019, 0.000003, 0.000002
0.474285, 0.880405, -0.880353, 0.474291

0.000002, 0.000019, 0.000003, 0.000002
0.465458, 0.885104, -0.885052, 0.465464

0.000002, 0.000019, 0.000003, 0.000002
0.456584, 0.889714, -0.889662, 0.456591

0.000002, 0.000019, 0.000003, 0.000002
0.447665, 0.894235, -0.894183, 0.447672

0.000002, 0.000020, 0.000003, 0.000002
0.438701, 0.898667, -0.898614, 0.438708

0.000002, 0.000020, 0.000003, 0.000002
0.429693, 0.903009, -0.902956, 0.429700

0.000002, 0.000020, 0.000003, 0.000002
0.420642, 0.907261, -0.907208, 0.420649

0.000002, 0.000020, 0.000003, 0.000002
0.411548, 0.911422, -0.911368, 0.411556

0.000002, 0.000020, 0.000003, 0.000002
0.402414, 0.915492, -0.915438, 0.402422

0.000002, 0.000020, 0.000003, 0.000002
0.393240, 0.919471, -0.919416, 0.393248

0.000002, 0.000020, 0.000003, 0.000002
0.384026, 0.923357, -0.923302, 0.384034

0.000002, 0.000020, 0.000003, 0.000002
0.374774, 0.927152, -0.927096, 0.374782

0.000002, 0.000020, 0.000003, 0.000002
0.365484, 0.930853, -0.930797, 0.365493

0.000002, 0.000020, 0.000003, 0.000002
0.356158, 0.934461, -0.934405, 0.356167

0.000002, 0.000020, 0.000003, 0.000002
0.346796, 0.937976, -0.937920, 0.346805

0.000002, 0.000020, 0.000003, 0.000002
0.337399, 0.941398, -0.941341, 0.337409

0.000002, 0.000020, 0.000003, 0.000002
0.327969, 0.944725, -0.944667, 0.327979

0.000002, 0.000020, 0.000003, 0.000002
0.318506, 0.947957, -0.947899, 0.318516

0.000002, 0.000020, 0.000003, 0.000002
0.309011, 0.951095, -0.951037, 0.309022

0.000002, 0.000020, 0.000003, 0.000002
0.299485, 0.954138, -0.954079, 0.299496

0.000002, 0.000020, 0.000003, 0.000002
0.289929, 0.957085, -0.957026, 0.289941

0.000002, 0.000020, 0.000003, 0.000002
0.280345, 0.959936, -0.959877, 0.280356

0.000002, 0.000020, 0.000003, 0.000002
0.270732, 0.962692, -0.962633, 0.270744

0.000002, 0.000020, 0.000003, 0.000002
0.261092, 0.965351, -0.965292, 0.261104

0.000002, 0.000020, 0.000003, 0.000002
0.251426, 0.967914, -0.967854, 0.251438

0.000002, 0.000020, 0.000003, 0.000002
0.241735, 0.970380, -0.970320, 0.241748

0.000002, 0.000020, 0.000003, 0.000002
0.232020, 0.972749, -0.972688, 0.232033

0.000002, 0.000020, 0.000003, 0.000002
0.222281, 0.975021, -0.974960, 0.222294

0.000002, 0.000020, 0.000003, 0.000002
0.212520, 0.977195, -0.977133, 0.212534

0.000002, 0.000020, 0.000003, 0.000002
0.202739, 0.979271, -0.979210, 0.202753

0.000002, 0.000020, 0.000003, 0.000002
0.192936, 0.981250, -0.981188, 0.192951

0.000002, 0.000020, 0.000003, 0.000002
0.183115, 0.983130, -0.983068, 0.183129

0.000002, 0.000020, 0.000003, 0.000002
0.173275, 0.984912, -0.984850, 0.173290

0.000003, 0.000020, 0.000003, 0.000003
0.163418, 0.986596, -0.986533, 0.163433

0.000003, 0.000020, 0.000003, 0.000003
0.153544, 0.988181, -0.988118, 0.153560

0.000003, 0.000020, 0.000003, 0.000003
0.143655, 0.989667, -0.989604, 0.143672

0.000003, 0.000020, 0.000003, 0.000003
0.133752, 0.991055, -0.990991, 0.133769

0.000003, 0.000020, 0.000003, 0.000003
0.123836, 0.992343, -0.992279, 0.123852

0.000003, 0.000020, 0.000003, 0.000003
0.113907, 0.993532, -0.993467, 0.113924

0.000003, 0.000020, 0.000003, 0.000003
0.103966, 0.994621, -0.994556, 0.103984

0.000003, 0.000020, 0.000003, 0.000003
0.094015, 0.995611, -0.995546, 0.094034

0.000003, 0.000020, 0.000003, 0.000003
0.084055, 0.996502, -0.996437, 0.084074

0.000003, 0.000020, 0.000003, 0.000003
0.074087, 0.997293, -0.997227, 0.074106

0.000003, 0.000020, 0.000003, 0.000003
0.064111, 0.997984, -0.997918, 0.064130

0.000003, 0.000020, 0.000003, 0.000003
0.054128, 0.998575, -0.998509, 0.054148

0.000003, 0.000020, 0.000003, 0.000003
0.044141, 0.999067, -0.999001, 0.044161

0.000003, 0.000020, 0.000003, 0.000003
0.034148, 0.999459, -0.999392, 0.034169

0.000003, 0.000020, 0.000003, 0.000003
0.024153, 0.999750, -0.999683, 0.024174

0.000003, 0.000021, 0.000003, 0.000003
0.014155, 0.999942, -0.999875, 0.014176

0.000003, 0.000021, 0.000003, 0.000003
0.004155, 1.000034, -0.999966, 0.004177

0.000003, 0.000021, 0.000003, 0.000003
-0.005845, 1.000026, -0.999958, -0.005822

0.000003, 0.000021, 0.000003, 0.000003
-0.015844, 0.999917, -0.999849, -0.015821

0.000003, 0.000021, 0.000003, 0.000003
-0.025842, 0.999709, -0.999641, -0.025818

0.000003, 0.000021, 0.000003, 0.000003
-0.035837, 0.999401, -0.999333, -0.035813

0.000003, 0.000021, 0.000003, 0.000003
-0.045828, 0.998993, -0.998924, -0.045804

0.000003, 0.000021, 0.000003, 0.000003
-0.055815, 0.998485, -0.998416, -0.055791

0.000003, 0.000021, 0.000003, 0.000003
-0.065797, 0.997877, -0.997808, -0.065772

0.000003, 0.000021, 0.000003, 0.000003
-0.075771, 0.997170, -0.997100, -0.075746

0.000003, 0.000021, 0.000003, 0.000003
-0.085739, 0.996362, -0.996293, -0.085713

0.000003, 0.000021, 0.000003, 0.000003
-0.095697, 0.995455, -0.995386, -0.095671

0.000003, 0.000021, 0.000003, 0.000003
-0.105646, 0.994449, -0.994379, -0.105619

0.000003, 0.000021, 0.000003, 0.000003
-0.115585, 0.993343, -0.993273, -0.115557

0.000003, 0.000021, 0.000003, 0.000003
-0.125512, 0.992138, -0.992067, -0.125484

0.000003, 0.000021, 0.000003, 0.000003
-0.135426, 0.990833, -0.990763, -0.135398

0.000003, 0.000021, 0.000003, 0.000003
-0.145327, 0.989430, -0.989359, -0.145298

0.000003, 0.000021, 0.000003, 0.000003
-0.155213, 0.987927, -0.987856, -0.155184

0.000003, 0.000021, 0.000003, 0.000003
-0.165084, 0.986326, -0.986255, -0.165054

0.000004, 0.000021, 0.000003, 0.000004
-0.174938, 0.984626, -0.984555, -0.174908

0.000004, 0.000021, 0.000003, 0.000004
-0.184775, 0.982828, -0.982756, -0.184744

0.000004, 0.000021, 0.000003, 0.000004
-0.194594, 0.980931, -0.980860, -0.194562

0.000004, 0.000021, 0.000003, 0.000004
-0.204392, 0.978937, -0.978865, -0.204361

0.000004, 0.000021, 0.000003, 0.000004
-0.214171, 0.976844, -0.976772, -0.214138

0.000004, 0.000021, 0.000003, 0.000004
-0.223928, 0.974654, -0.974582, -0.223895

0.000004, 0.000021, 0.000003, 0.000004
-0.233662, 0.972366, -0.972294, -0.233629

0.000004, 0.000021, 0.000003, 0.000004
-0.243374, 0.969981, -0.969909, -0.243340

0.000004, 0.000021, 0.000003, 0.000004
-0.253061, 0.967499, -0.967427, -0.253026

0.000004, 0.000021, 0.000003, 0.000004
-0.262722, 0.964921, -0.964848, -0.262687

0.000004, 0.000022, 0.000003, 0.000004
-0.272358, 0.962246, -0.962173, -0.272322

0.000004, 0.000022, 0.000003, 0.000004
-0.281966, 0.959474, -0.959402, -0.281930

0.000004, 0.000022, 0.000003, 0.000004
-0.291546, 0.956607, -0.956534, -0.291509

0.000004, 0.000022, 0.000003, 0.000004
-0.301096, 0.953644, -0.953571, -0.301059

0.000004, 0.000022, 0.000003, 0.000004
-0.310617, 0.950586, -0.950513, -0.310579

0.000004, 0.000022, 0.000003, 0.000004
-0.320107, 0.947433, -0.947360, -0.320068

0.000004, 0.000022, 0.000003, 0.000004
-0.329564, 0.944184, -0.944112, -0.329525

0.000004, 0.000022, 0.000003, 0.000004
-0.338989, 0.940842, -0.940769, -0.338949

0.000004, 0.000022, 0.000003, 0.000004
-0.348380, 0.937405, -0.937332, -0.348340

0.000004, 0.000022, 0.000003, 0.000004
-0.357736, 0.933875, -0.933802, -0.357695

0.000004, 0.000022, 0.000003, 0.000004
-0.367056, 0.930252, -0.930178, -0.367015

0.000004, 0.000022, 0.000003, 0.000004
-0.376339, 0.926535, -0.926462, -0.376297

0.000004, 0.000022, 0.000003, 0.000004
-0.385585, 0.922726, -0.922652, -0.385543

0.000004, 0.000022, 0.000003, 0.000004
-0.394792, 0.918824, -0.918751, -0.394749

0.000004, 0.000022, 0.000003, 0.000004
-0.403960, 0.914831, -0.914757, -0.403917

0.000004, 0.000022, 0.000003, 0.000004
-0.413087, 0.910746, -0.910673, -0.413043

0.000004, 0.000022, 0.000003, 0.000004
-0.422173, 0.906570, -0.906497, -0.422129

0.000004, 0.000022, 0.000003, 0.000004
-0.431217, 0.902303, -0.902230, -0.431172

0.000004, 0.000022, 0.000003, 0.000004
-0.440218, 0.897946, -0.897873, -0.440172

0.000004, 0.000022, 0.000003, 0.000004
-0.449175, 0.893500, -0.893427, -0.449129

0.000004, 0.000022, 0.000003, 0.000004
-0.458087, 0.888964, -0.888891, -0.458040

0.000004, 0.000022, 0.000003, 0.000004
-0.466953, 0.884339, -0.884266, -0.466905

0.000004, 0.000022, 0.000003, 0.000004
-0.475772, 0.879626, -0.879553, -0.475724

0.000004, 0.000022, 0.000003, 0.000004
-0.484544, 0.874824, -0.874752, -0.484495

0.000004, 0.000023, 0.000003, 0.000004
-0.493267, 0.869936, -0.869863, -0.493218

0.000005, 0.000023, 0.000003, 0.000005
-0.501941, 0.864960, -0.864887, -0.501891

0.000005, 0.000023, 0.000003, 0.000005
-0.510565, 0.859898, -0.859825, -0.510514

0.000005, 0.000023, 0.000003, 0.000005
-0.519137, 0.854750, -0.854677, -0.519087

0.000005, 0.000023, 0.000003, 0.000005
-0.527658, 0.849516, -0.849444, -0.527607

0.000005, 0.000023, 0.000003, 0.000005
-0.536126, 0.844198, -0.844125, -0.536074

0.000005, 0.000023, 0.000003, 0.000005
-0.544541, 0.838795, -0.838722, -0.544488

0.000005, 0.000023, 0.000002, 0.000005
-0.552901, 0.833308, -0.833236, -0.552848

0.000005, 0.000023, 0.000002, 0.000005
-0.561205, 0.827738, -0.827666, -0.561152

0.000005, 0.000023, 0.000002, 0.000005
-0.569454, 0.822085, -0.822013, -0.569400

0.000005, 0.000023, 0.000002, 0.000005
-0.577646, 0.816350, -0.816278, -0.577591

0.000005, 0.000023, 0.000002, 0.000005
-0.585780, 0.810533, -0.810461, -0.585724

0.000005, 0.000023, 0.000002, 0.000005
-0.593855, 0.804635, -0.804564, -0.593799

0.000005, 0.000023, 0.000002, 0.000005
-0.601871, 0.798657, -0.798586, -0.601814

0.000005, 0.000023, 0.000002, 0.000005
-0.609827, 0.792599, -0.792528, -0.609770

0.000005, 0.000023, 0.000002, 0.000005
-0.617721, 0.786462, -0.786391, -0.617664

0.000005, 0.000023, 0.000002, 0.000005
-0.625554, 0.780246, -0.780175, -0.625496

0.000005, 0.000023, 0.000002, 0.000005
-0.633325, 0.773952, -0.773881, -0.633266

0.000005, 0.000023, 0.000002, 0.000005
-0.641032, 0.767580, -0.767510, -0.640973

0.000005, 0.000023, 0.000002, 0.000005
-0.648675, 0.761132, -0.761062, -0.648615

0.000005, 0.000023, 0.000002, 0.000005
-0.656253, 0.754608, -0.754538, -0.656193

0.000005, 0.000023, 0.000002, 0.000005
-0.663766, 0.748008, -0.747939, -0.663705

0.000005, 0.000024, 0.000002, 0.000005
-0.671212, 0.741334, -0.741265, -0.671151

0.000005, 0.000024, 0.000002, 0.000005
-0.678591, 0.734585, -0.734516, -0.678529

0.000005, 0.000024, 0.000002, 0.000005
-0.685902, 0.727763, -0.727695, -0.685840

0.000005, 0.000024, 0.000002, 0.000005
-0.693145, 0.720869, -0.720800, -0.693082

0.000005, 0.000024, 0.000002, 0.000005
-0.700318, 0.713902, -0.713833, -0.700255

0.000005, 0.000024, 0.000002, 0.000005
-0.707422, 0.706864, -0.706795, -0.707358

0.000005, 0.000024, 0.000002, 0.000005
-0.714454, 0.699755, -0.699687, -0.714390

0.000005, 0.000024, 0.000002, 0.000005
-0.721415, 0.692576, -0.692508, -0.721350

0.000005, 0.000024, 0.000002, 0.000005
-0.728304, 0.685328, -0.685260, -0.728239

0.000005, 0.000024, 0.000002, 0.000005
-0.735121, 0.678011, -0.677944, -0.735054

0.000005, 0.000024, 0.000002, 0.000005
-0.741863, 0.670627, -0.670560, -0.741797

0.000005, 0.000024, 0.000002, 0.000005
-0.748532, 0.663175, -0.663109, -0.748465

0.000005, 0.000024, 0.000002, 0.000005
-0.755126, 0.655657, -0.655591, -0.755058

0.000005, 0.000024, 0.000002, 0.000005
-0.761644, 0.648074, -0.648008, -0.761575

0.000005, 0.000024, 0.000002, 0.000005
-0.768086, 0.640426, -0.640361, -0.768017

0.000005, 0.000024, 0.000002, 0.000005
-0.774451, 0.632714, -0.632649, -0.774382

0.000005, 0.000024, 0.000002, 0.000005
-0.780739, 0.624938, -0.624874, -0.780669

0.000005, 0.000024, 0.000002, 0.000005
-0.786948, 0.617100, -0.617036, -0.786878

0.000005, 0.000024, 0.000002, 0.000005
-0.793079, 0.609201, -0.609137, -0.793009

0.000005, 0.000025, 0.000002, 0.000005
-0.799131, 0.601240, -0.601177, -0.799060

0.000005, 0.000025, 0.000002, 0.000005
-0.805103, 0.593219, -0.593156, -0.805031

0.000005, 0.000025, 0.000002, 0.000005
-0.810994, 0.585139, -0.585077, -0.810922

0.000005, 0.000025, 0.000002, 0.000005
-0.816804, 0.577001, -0.576939, -0.816732

0.000005, 0.000025, 0.000002, 0.000005
-0.822533, 0.568805, -0.568743, -0.822460

0.000005, 0.000025, 0.000002, 0.000005
-0.828179, 0.560552, -0.560490, -0.828106

0.000006, 0.000025, 0.000002, 0.000006
-0.833743, 0.552243, -0.552182, -0.833669

0.000006, 0.000025, 0.000002, 0.000006
-0.839223, 0.543878, -0.543818, -0.839149

0.000006, 0.000025, 0.000002, 0.000006
-0.844619, 0.535460, -0.535400, -0.844544

0.000006, 0.000025, 0.000002, 0.000006
-0.849931, 0.526987, -0.526928, -0.849856

0.000006, 0.000025, 0.000002, 0.000006
-0.855158, 0.518463, -0.518403, -0.855082

0.000006, 0.000025, 0.000002, 0.000006
-0.860299, 0.509886, -0.509827, -0.860223

0.000006, 0.000025, 0.000002, 0.000006
-0.865354, 0.501258, -0.501200, -0.865278

0.000006, 0.000025, 0.000001, 0.000006
-0.870323, 0.492580, -0.492522, -0.870246

0.000006, 0.000025, 0.000001, 0.000006
-0.875205, 0.483853, -0.483796, -0.875127

0.000006, 0.000025, 0.000001, 0.000006
-0.879999, 0.475078, -0.475021, -0.879921

0.000006, 0.000025, 0.000001, 0.000006
-0.884705, 0.466255, -0.466198, -0.884627

0.000006, 0.000025, 0.000001, 0.000006
-0.889323, 0.457385, -0.457329, -0.889244

0.000006, 0.000026, 0.000001, 0.000006
-0.893852, 0.448470, -0.448414, -0.893773

0.000006, 0.000026, 0.000001, 0.000006
-0.898291, 0.439510, -0.439455, -0.898212

0.000006, 0.000026, 0.000001, 0.000006
-0.902641, 0.430506, -0.430451, -0.902561

0.000006, 0.000026, 0.000001, 0.000006
-0.906900, 0.421458, -0.421405, -0.906820

0.000006, 0.000026, 0.000001, 0.000006
-0.911069, 0.412369, -0.412316, -0.910989

0.000006, 0.000026, 0.000001, 0.000006
-0.915147, 0.403239, -0.403186, -0.915066

0.000006, 0.000026, 0.000001, 0.000006
-0.919133, 0.394068, -0.394015, -0.919052

0.000006, 0.000026, 0.000001, 0.000006
-0.923027, 0.384858, -0.384806, -0.922945

0.000006, 0.000026, 0.000001, 0.000006
-0.926829, 0.375609, -0.375558, -0.926747

0.000006, 0.000026, 0.000001, 0.000006
-0.930538, 0.366323, -0.366272, -0.930456

0.000006, 0.000026, 0.000001, 0.000006
-0.934154, 0.357000, -0.356950, -0.934072

0.000006, 0.000026, 0.000001, 0.000006
-0.937677, 0.347641, -0.347592, -0.937594

0.000006, 0.000026, 0.000001, 0.000006
-0.941106, 0.338248, -0.338199, -0.941023

0.000006, 0.000026, 0.000001, 0.000006
-0.944441, 0.328821, -0.328772, -0.944358

0.000006, 0.000026, 0.000001, 0.000006
-0.947681, 0.319361, -0.319313, -0.947598

0.000006, 0.000026, 0.000001, 0.000006
-0.950827, 0.309869, -0.309821, -0.950743

0.000006, 0.000026, 0.000001, 0.000006
-0.953878, 0.300346, -0.300299, -0.953794

0.000006, 0.000027, 0.000001, 0.000006
-0.956833, 0.290793, -0.290747, -0.956749

0.000006, 0.000027, 0.000001, 0.000006
-0.959693, 0.281211, -0.281165, -0.959608

0.000006, 0.000027, 0.000001, 0.000006
-0.962456, 0.271601, -0.271556, -0.962372

0.000006, 0.000027, 0.000001, 0.000006
-0.965124, 0.261964, -0.261919, -0.965039

0.000006, 0.000027, 0.000001, 0.000006
-0.967695, 0.252300, -0.252256, -0.967610

0.000006, 0.000027, 0.000001, 0.000006
-0.970169, 0.242611, -0.242568, -0.970084

0.000006, 0.000027, 0.000001, 0.000006
-0.972546, 0.232898, -0.232856, -0.972461

0.000006, 0.000027, 0.000001, 0.000006
-0.974826, 0.223162, -0.223120, -0.974740

0.000006, 0.000027, 0.000001, 0.000006
-0.977009, 0.213404, -0.213362, -0.976923

0.000006, 0.000027, 0.000001, 0.000006
-0.979093, 0.203624, -0.203583, -0.979007

0.000006, 0.000027, 0.000001, 0.000006
-0.981080, 0.193823, -0.193783, -0.980994

0.000006, 0.000027, 0.000001, 0.000006
-0.982969, 0.184004, -0.183964, -0.982883

0.000006, 0.000027, 0.000001, 0.000006
-0.984760, 0.174166, -0.174127, -0.984673

0.000006, 0.000027, 0.000000, 0.000006
-0.986452, 0.164310, -0.164272, -0.986365

0.000006, 0.000027, 0.000000, 0.000006
-0.988045, 0.154438, -0.154400, -0.987958

0.000006, 0.000027, 0.000000, 0.000006
-0.989540, 0.144551, -0.144514, -0.989453

0.000006, 0.000027, 0.000000, 0.000006
-0.990935, 0.134649, -0.134613, -0.990848

0.000006, 0.000028, 0.000000, 0.000006
-0.992232, 0.124734, -0.124698, -0.992145

0.000006, 0.000028, 0.000000, 0.000006
-0.993429, 0.114807, -0.114771, -0.993342

0.000006, 0.000028, 0.000000, 0.000006
-0.994527, 0.104867, -0.104832, -0.994440

0.000006, 0.000028, 0.000000, 0.000006
-0.995526, 0.094918, -0.094883, -0.995438

0.000006, 0.000028, 0.000000, 0.000006
-0.996425, 0.084959, -0.084925, -0.996337

0.000006, 0.000028, 0.000000, 0.000006
-0.997224, 0.074991, -0.074958, -0.997137

0.000006, 0.000028, 0.000000, 0.000006
-0.997924, 0.065016, -0.064983, -0.997836

0.000006, 0.000028, 0.000000, 0.000006
-0.998524, 0.055034, -0.055002, -0.998436

0.000006, 0.000028, 0.000000, 0.000006
-0.999024, 0.045047, -0.045016, -0.998936

0.000006, 0.000028, 0.000000, 0.000006
-0.999424, 0.035056, -0.035025, -0.999336

0.000006, 0.000028, 0.000000, 0.000006
-0.999725, 0.025060, -0.025031, -0.999637

0.000006, 0.000028, 0.000000, 0.000006
-0.999925, 0.015063, -0.015034, -0.999837

0.000006, 0.000028, 0.000000, 0.000006
-1.000025, 0.005064, -0.005035, -0.999937

0.000006, 0.000028, -0.000000, 0.000006
-1.000026, -0.004936, 0.004964, -0.999938

0.000006, 0.000028, -0.000000, 0.000006
-0.999926, -0.014935, 0.014962, -0.999838

0.000006, 0.000028, -0.000000, 0.000006
-0.999726, -0.024933, 0.024959, -0.999638

0.000006, 0.000028, -0.000000, 0.000006
-0.999427, -0.034928, 0.034954, -0.999339

0.000006, 0.000029, -0.000000, 0.000006
-0.999027, -0.044920, 0.044945, -0.998939

0.000006, 0.000029, -0.000000, 0.000006
-0.998528, -0.054907, 0.054931, -0.998440

0.000006, 0.000029, -0.000000, 0.000006
-0.997929, -0.064888, 0.064912, -0.997841

0.000006, 0.000029, -0.000000, 0.000006
-0.997230, -0.074863, 0.074887, -0.997142

0.000006, 0.000029, -0.000000, 0.000006
-0.996431, -0.084831, 0.084854, -0.996343

0.000006, 0.000029, -0.000000, 0.000006
-0.995533, -0.094790, 0.094813, -0.995445

0.000006, 0.000029, -0.000000, 0.000006
-0.994535, -0.104740, 0.104762, -0.994447

0.000006, 0.000029, -0.000000, 0.000006
-0.993437, -0.114679, 0.114700, -0.993350

0.000006, 0.000029, -0.000000, 0.000006
-0.992241, -0.124607, 0.124627, -0.992153

0.000006, 0.000029, -0.000000, 0.000006
-0.990945, -0.134522, 0.134542, -0.990858

0.000006, 0.000029, -0.000000, 0.000006
-0.989550, -0.144424, 0.144443, -0.989463

0.000006, 0.000029, -0.000000, 0.000006
-0.988056, -0.154312, 0.154330, -0.987969

0.000006, 0.000029, -0.000000, 0.000006
-0.986463, -0.164184, 0.164202, -0.986376

0.000006, 0.000029, -0.000001, 0.000006
-0.984772, -0.174039, 0.174057, -0.984685

0.000006, 0.000029, -0.000001, 0.000006
-0.982982, -0.183877, 0.183894, -0.982896

0.000006, 0.000029, -0.000001, 0.000006
-0.981094, -0.193697, 0.193713, -0.981008

0.000006, 0.000030, -0.000001, 0.000006
-0.979108, -0.203497, 0.203513, -0.979022

0.000006, 0.000030, -0.000001, 0.000006
-0.977024, -0.213277, 0.213292, -0.976938

0.000006, 0.000030, -0.000001, 0.000006
-0.974842, -0.223036, 0.223051, -0.974756

0.000006, 0.000030, -0.000001, 0.000006
-0.972563, -0.232773, 0.232786, -0.972477

0.000006, 0.000030, -0.000001, 0.000006
-0.970186, -0.242486, 0.242499, -0.970101

0.000006, 0.000030, -0.000001, 0.000006
-0.967713, -0.252175, 0.252187, -0.967628

0.000006, 0.000030, -0.000001, 0.000006
-0.965143, -0.261838, 0.261850, -0.965058

0.000006, 0.000030, -0.000001, 0.000006
-0.962476, -0.271476, 0.271487, -0.962391

0.000006, 0.000030, -0.000001, 0.000006
-0.959713, -0.281086, 0.281097, -0.959628

0.000006, 0.000030, -0.000001, 0.000006
-0.956854, -0.290668, 0.290679, -0.956770

0.000006, 0.000030, -0.000001, 0.000006
-0.953899, -0.300222, 0.300231, -0.953815

0.000006, 0.000030, -0.000001, 0.000006
-0.950849, -0.309745, 0.309754, -0.950766

0.000006, 0.000030, -0.000001, 0.000006
-0.947704, -0.319237, 0.319245, -0.947621

0.000006, 0.000030, -0.000001, 0.000006
-0.944464, -0.328697, 0.328705, -0.944381

0.000006, 0.000030, -0.000001, 0.000006
-0.941130, -0.338124, 0.338132, -0.941047

0.000006, 0.000030, -0.000001, 0.000006
-0.937702, -0.347518, 0.347525, -0.937619

0.000006, 0.000030, -0.000001, 0.000006
-0.934180, -0.356877, 0.356883, -0.934097

0.000006, 0.000030, -0.000001, 0.000006
-0.930564, -0.366200, 0.366206, -0.930482

0.000006, 0.000031, -0.000001, 0.000006
-0.926855, -0.375486, 0.375492, -0.926774

0.000006, 0.000031, -0.000001, 0.000006
-0.923054, -0.384735, 0.384740, -0.922973

0.000006, 0.000031, -0.000001, 0.000006
-0.919161, -0.393946, 0.393950, -0.919080

0.000006, 0.000031, -0.000001, 0.000006
-0.915175, -0.403117, 0.403121, -0.915095

0.000006, 0.000031, -0.000001, 0.000006
-0.911098, -0.412248, 0.412251, -0.911018

0.000006, 0.000031, -0.000001, 0.000006
-0.906930, -0.421337, 0.421340, -0.906850

0.000006, 0.000031, -0.000001, 0.000006
-0.902671, -0.430385, 0.430387, -0.902592

0.000006, 0.000031, -0.000001, 0.000006
-0.898322, -0.439389, 0.439391, -0.898243

0.000006, 0.000031, -0.000001, 0.000006
-0.893884, -0.448350, 0.448351, -0.893805

0.000006, 0.000031, -0.000001, 0.000006
-0.889355, -0.457265, 0.457266, -0.889277

0.000006, 0.000031, -0.000001, 0.000006
-0.884738, -0.466135, 0.466135, -0.884660

0.000006, 0.000031, -0.000001, 0.000006
-0.880033, -0.474959, 0.474958, -0.879955

0.000006, 0.000031, -0.000001, 0.000006
-0.875239, -0.483734, 0.483734, -0.875162

0.000006, 0.000031, -0.000001, 0.000006
-0.870358, -0.492462, 0.492460, -0.870281

0.000006, 0.000031, -0.000002, 0.000006
-0.865390, -0.501140, 0.501138, -0.865313

0.000006, 0.000031, -0.000002, 0.000006
-0.860335, -0.509768, 0.509766, -0.860259

0.000006, 0.000031, -0.000002, 0.000006
-0.855195, -0.518345, 0.518342, -0.855119

0.000006, 0.000032, -0.000002, 0.000006
-0.849968, -0.526870, 0.526867, -0.849893

0.000006, 0.000032, -0.000002, 0.000006
-0.844657, -0.535343, 0.535339, -0.844582

0.000006, 0.000032, -0.000002, 0.000006
-0.839262, -0.543762, 0.543758, -0.839187

